# Created by Octave 5.2.0, Sun Jun 07 01:50:36 2020 -03 <rsebastiao@ni-30285-8P>
# name: T
# type: matrix
# rows: 1
# columns: 35
 0.10000000000000001 0.21470588235294119 0.32941176470588235 0.44411764705882351 0.55882352941176472 0.67352941176470582 0.78823529411764703 0.90294117647058814 1.0176470588235293 1.1323529411764706 1.2470588235294118 1.361764705882353 1.4764705882352942 1.5911764705882354 1.7058823529411764 1.8205882352941176 1.9352941176470588 2.0499999999999998 2.164705882352941 2.2794117647058822 2.3941176470588235 2.5088235294117647 2.6235294117647059 2.7382352941176471 2.8529411764705883 2.9676470588235295 3.0823529411764707 3.1970588235294115 3.3117647058823527 3.4264705882352939 3.5411764705882351 3.6558823529411764 3.7705882352941176 3.8852941176470588 4


# name: mag_med_10_1e4
# type: matrix
# rows: 1
# columns: 35
 0.9998959999999999 0.99990599999999996 0.9998459999999999 0.99986199999999992 0.96888200000000002 0.99989199999999978 0.99809199999999887 0.991833999999996 -0.99592999999999043 -0.99788799999997901 -0.99587399999996196 -0.9926799999999425 0.98713799999992369 0.98020599999990476 0.96852399999990124 0.9533139999999084 0.92669999999992048 0.61089599999998734 0.36805200000001537 0.19504000000000141 -0.050811999999999989 0.016035999999999977 0.06026600000000009 0.029813999999999993 -0.011374000000000004 0.0054900000000000166 0.0050219999999999996 -0.0021639999999999819 -0.010090000000000047 -0.0035619999999999949 0.012098000000000027 2.8000000000007796e-05 -0.0053179999999999851 -0.0010720000000000037 0.0013200000000000032


# name: E_med_10_1e4
# type: matrix
# rows: 1
# columns: 35
 -1.9997880000000001 -1.9998320000000001 -1.9997440000000002 -1.9998080000000003 -1.9793880000000004 -1.9997799999999997 -1.9983719999999989 -1.9950559999999968 -1.9948319999999902 -1.9923599999999817 -1.9845119999999701 -1.9732079999999457 -1.9556839999999414 -1.9304799999999329 -1.8943519999999341 -1.849235999999945 -1.7856759999999674 -1.7036359999999962 -1.6014120000000118 -1.465296000000011 -1.3058360000000091 -1.173147999999999 -1.0617680000000012 -0.97200800000000587 -0.8997040000000307 -0.8444840000000573 -0.78664400000007539 -0.74903600000007031 -0.71390800000006882 -0.6821480000000617 -0.65192400000004924 -0.62353600000004172 -0.59598800000003271 -0.57427200000002254 -0.55715600000001531


# name: C_med_10_1e4
# type: matrix
# rows: 1
# columns: 35
 0.021293634963504064 0.0027554944095653706 0.0019252722496756261 0.00072022405615890077 0.02603516458883812 0.00040236553469806828 0.0011400023886554192 0.0022172592910837587 0.0010715689607120366 0.00065008476384842146 0.00094238049735903431 0.0013384991260562687 0.0020095228195789209 0.0026558215415775801 0.0038080400284313826 0.0047478391470477908 0.0066677537516003074 0.0084361034566276302 0.010360803069897912 0.012803228479502006 0.012951619678901179 0.011210447173307984 0.0088966306576882034 0.0071658874875333931 0.0057278939325438316 0.0048027959821860325 0.0038494201487684438 0.0033767240987483019 0.0029623534011526012 0.0027175496187630964 0.0025093603351395675 0.0021819809117543713 0.0020039558513944562 0.0018419920821460211 0.0017117156505650928


# name: susc_med_10_1e4
# type: matrix
# rows: 1
# columns: 35
 0.00055274711471131621 0.00019093684382130903 0.00022957239081066943 0.00016884817647337458 0.035215836456499318 7.2681653492842458e-05 0.0017138215397653957 0.0086186507607108939 0.0033258422200611224 0.00014048213922697098 0.00011726050472970237 0.0002541204098812356 0.00077173423525599485 0.00048517230976327511 0.00091034221380754444 0.0013256258054882917 0.0039116054462588765 0.21078704806285437 0.27217406659231586 0.24640260807500491 0.19178648850516505 0.13717820255572932 0.09686180001740001 0.069888363097707129 0.051989625892650645 0.041744117688279847 0.031465870475826246 0.026795491890826775 0.022427287529817982 0.019041785151081299 0.017018599745888381 0.014335111172774148 0.012911085506242011 0.01147846963155082 0.010858190219022044


