# Created by Octave 5.2.0, Sun Jun 07 12:32:47 2020 -03 <rsebastiao@ni-30285-8P>
# name: T
# type: matrix
# rows: 1
# columns: 35
 0.10000000000000001 0.21470588235294119 0.32941176470588235 0.44411764705882351 0.55882352941176472 0.67352941176470582 0.78823529411764703 0.90294117647058814 1.0176470588235293 1.1323529411764706 1.2470588235294118 1.361764705882353 1.4764705882352942 1.5911764705882354 1.7058823529411764 1.8205882352941176 1.9352941176470588 2.0499999999999998 2.164705882352941 2.2794117647058822 2.3941176470588235 2.5088235294117647 2.6235294117647059 2.7382352941176471 2.8529411764705883 2.9676470588235295 3.0823529411764707 3.1970588235294115 3.3117647058823527 3.4264705882352939 3.5411764705882351 3.6558823529411764 3.7705882352941176 3.8852941176470588 4


# name: mag_med_10_2e3
# type: matrix
# rows: 1
# columns: 35
 0.19976999999999293 -0.039750000000000153 0.99941000000000002 -0.99963999999999997 -0.99842000000000009 0.99905999999999995 -0.99939000000000011 0.99802000000000024 -0.9799400000000007 -0.99740000000000151 -0.99079000000000239 -0.97392000000000489 -0.98767000000000793 0.98061000000001042 -0.96746000000001542 0.9485300000000173 -0.9283300000000182 -0.71655000000001112 0.49124000000000195 0.50235000000000174 0.0024800000000001076 0.11411000000000006 0.027720000000000015 -0.0071600000000000717 0.0017900000000000112 0.016800000000000016 0.021110000000000011 0.0065500000000000063 0.0064899999999999984 -0.00029999999999999439 -0.0084300000000000104 0.0090799999999999909 -0.0076699999999999919 0.0035700000000000024 0.0043999999999999959


# name: E_med_10_2e3
# type: matrix
# rows: 1
# columns: 35
 -1.5991799999999434 -1.5193399999999837 -1.9990399999999999 -1.9992799999999999 -1.9977799999999999 -1.99878 -1.9988400000000002 -1.9969200000000005 -1.985260000000002 -1.9914400000000043 -1.982840000000007 -1.9604800000000144 -1.9556000000000213 -1.9318800000000274 -1.8907600000000293 -1.8418200000000242 -1.7847400000000169 -1.7202800000000105 -1.59318 -1.4742200000000001 -1.3144199999999959 -1.1937999999999982 -1.0588800000000005 -0.98004000000000102 -0.90250000000000252 -0.84822000000000086 -0.7881199999999996 -0.74837999999999993 -0.70956000000000008 -0.67590000000000083 -0.64811999999999792 -0.62523999999999968 -0.59945999999999733 -0.56931999999999938 -0.55437999999999821


# name: C_med_10_2e3
# type: matrix
# rows: 1
# columns: 35
 0.038752136068037062 0.0071961003282661491 0.0071316033526976057 0.0025376730714378884 0.0059535639553852234 0.0018969630685938563 0.00092793958574311831 0.0016887002654211829 0.0055380159711318185 0.0012274878329028346 0.0024765752438340501 0.0053226316742380694 0.0020215198947230346 0.0027837392832420864 0.0038944859749732758 0.0052736788467257819 0.0062563886627306081 0.0079782714914864612 0.010667818783860219 0.012179073460076616 0.012883386546788993 0.012196116620477452 0.0083646540228027033 0.0069713796017788635 0.0056446220134192832 0.0046881580888923462 0.0036312472412419715 0.0033910652769022155 0.0029776052208090459 0.0026433437124168805 0.0023367207710653093 0.0022926429286528392 0.002061199195273753 0.0018462093452595247 0.0018347933716858088


# name: susc_med_10_2e3
# type: matrix
# rows: 1
# columns: 35
 0.00046170185092548477 0.0031656204814735503 0.00094109238547859667 0.00028716302522124117 0.0018883084910877412 0.00077469117091305117 0.00029527258405319439 0.0012260301616608439 0.017652267682973552 0.00033260682289196886 0.0046235660424551817 0.012061735887383403 0.00028228092930926722 0.00051951573938540285 0.00087455875523969782 0.0019818007452837684 0.0024926563190409545 0.14924940397027422 0.21769039576309926 0.15813277264438583 0.19615487948396712 0.14521741607732355 0.096179812489203931 0.072347978173834634 0.052872038705950843 0.042501693264868468 0.030688589605871543 0.025712632903388113 0.020853840033693661 0.018576939456852889 0.016325772465967184 0.014685263970682037 0.01280243411409291 0.011141472881785368 0.010602061030515246


