# Created by Octave 5.2.0, Sun Jun 07 03:40:05 2020 -03 <rsebastiao@ni-30285-8P>
# name: T
# type: matrix
# rows: 1
# columns: 35
 0.10000000000000001 0.21470588235294119 0.32941176470588235 0.44411764705882351 0.55882352941176472 0.67352941176470582 0.78823529411764703 0.90294117647058814 1.0176470588235293 1.1323529411764706 1.2470588235294118 1.361764705882353 1.4764705882352942 1.5911764705882354 1.7058823529411764 1.8205882352941176 1.9352941176470588 2.0499999999999998 2.164705882352941 2.2794117647058822 2.3941176470588235 2.5088235294117647 2.6235294117647059 2.7382352941176471 2.8529411764705883 2.9676470588235295 3.0823529411764707 3.1970588235294115 3.3117647058823527 3.4264705882352939 3.5411764705882351 3.6558823529411764 3.7705882352941176 3.8852941176470588 4


# name: mag_med_15_1e4
# type: matrix
# rows: 1
# columns: 35
 -0.99956622222222213 -0.33328622222226206 -0.99969955555555556 -0.9996248888888889 0.99936800000000003 -0.99938222222222217 -0.9986853333333332 -0.99926044444444539 0.99868266666666772 0.99563288888889034 -0.99561066666666809 0.99211022222222578 0.98755377777778963 0.97961333333335188 -0.96917066666669194 -0.95294222222225111 0.92829866666670058 0.89135377777780722 0.35534399999999994 -0.006976000000000101 0.1162275555555559 0.041127999999999949 0.0016497777777777188 0.016692444444444458 -0.0050595555555555853 -0.0056755555555555769 0.0031173333333333257 -0.0025137777777777853 0.0017386666666666577 -0.0063475555555555768 0.001599999999999996 0.0010533333333333367 0.0015377777777777863 -0.0010586666666666589 -0.0026924444444444448


# name: E_med_15_1e4
# type: matrix
# rows: 1
# columns: 35
 -1.9996160000000001 -1.7331964444446062 -1.9996675555555556 -1.9996675555555556 -1.9995626666666666 -1.9994524444444448 -1.9986808888888896 -1.9984942222222217 -1.9963608888888911 -1.9908515555555637 -1.9846577777777954 -1.9720568888889112 -1.9550684444444757 -1.9294524444444938 -1.8966542222222849 -1.8503253333334044 -1.787552000000066 -1.7053831111111293 -1.5902364444444177 -1.4368071111110909 -1.2718702222222342 -1.130215111111124 -1.026453333333339 -0.95272711111110531 -0.88367999999999736 -0.83207288888888997 -0.78608711111111829 -0.74526400000000281 -0.70944177777777973 -0.67540266666667015 -0.64835555555556101 -0.6244355555555583 -0.59864711111111768 -0.57831111111111777 -0.55372088888889381


# name: C_med_15_1e4
# type: matrix
# rows: 1
# columns: 35
 0.025549883462405814 0.001747347561625093 0.0021274109229029109 0.0010120693442432977 0.00089798279841722195 0.00064537792460110275 0.00095167675345937479 0.00028429975865860128 0.00027743860954950145 0.00068741487658219985 0.00054950533901196395 0.00075288046786313706 0.00088066915542290766 0.0012734280698205494 0.0016206513341515314 0.0022313609267640391 0.0029135975131333067 0.003776725000430818 0.0053361295510257201 0.0067182137295876887 0.0064363708589937505 0.0048147891563433661 0.0035444698531684406 0.0027374359691529626 0.0021167725448156859 0.0019541486261039237 0.0016431573569320281 0.0014423056117994373 0.001284342844135058 0.0011879393195345076 0.0010734537693460624 0.00098995690389383625 0.00088241048042980274 0.00081154165212190545 0.00076818446802703639


# name: susc_med_15_1e4
# type: matrix
# rows: 1
# columns: 35
 0.0030944475662392471 3.395970852961551e-05 0.0005379272109927285 0.00052766189808132026 0.00095819254849659435 0.00060569803683635938 0.001175589149288332 0.00032550742128385573 0.00034507925172575383 0.0014526487665126773 0.00028905735770873498 0.00031940641570332555 0.00015749988143668427 0.00044093263674735184 0.00042755381028441563 0.00092665854199850577 0.0016406924737475004 0.0028824005564902309 0.26267086262145756 0.23335959562944675 0.14339714543202903 0.087546501190935905 0.052748686075834536 0.035990817255464914 0.023566046836570691 0.018701868163349011 0.014499580821027877 0.012001044784844055 0.0099260858747391989 0.0085397178169513265 0.0074630357912951698 0.0064103771407703928 0.0057548168338916791 0.005186517057827549 0.0047166050252432047


