# Created by Octave 5.2.0, Sun Jun 07 12:58:11 2020 -03 <rsebastiao@ni-30285-8P>
# name: T
# type: matrix
# rows: 1
# columns: 35
 0.10000000000000001 0.21470588235294119 0.32941176470588235 0.44411764705882351 0.55882352941176472 0.67352941176470582 0.78823529411764703 0.90294117647058814 1.0176470588235293 1.1323529411764706 1.2470588235294118 1.361764705882353 1.4764705882352942 1.5911764705882354 1.7058823529411764 1.8205882352941176 1.9352941176470588 2.0499999999999998 2.164705882352941 2.2794117647058822 2.3941176470588235 2.5088235294117647 2.6235294117647059 2.7382352941176471 2.8529411764705883 2.9676470588235295 3.0823529411764707 3.1970588235294115 3.3117647058823527 3.4264705882352939 3.5411764705882351 3.6558823529411764 3.7705882352941176 3.8852941176470588 4


# name: mag_med_15_2e3
# type: matrix
# rows: 1
# columns: 35
 -0.21433777777777827 0.99951111111111113 0.99754666666666658 0.99857777777777779 0.069902222222219312 -0.99924000000000013 -0.99760000000000015 0.99700444444444569 -0.99705777777778082 0.99504888888889442 0.99507111111111979 0.98698222222223253 0.98438222222223348 -0.979360000000014 -0.96511111111112402 -0.94628000000000778 0.9254400000000027 0.89184888888888902 -0.73092444444444427 0.43647555555555534 -0.030764444444444535 -0.050888888888888803 -0.010435555555555552 -0.017453333333333348 -0.026302222222222216 -0.017871111111111115 0.017062222222222211 -0.0056133333333333426 0.00099555555555556332 0.0073066666666666662 0.00063555555555555034 0.0032977777777777871 -0.0016488888888888924 -0.0004044444444444378 -0.00089333333333333387


# name: E_med_15_2e3
# type: matrix
# rows: 1
# columns: 35
 -1.6969777777777977 -1.9991733333333335 -1.9983111111111111 -1.998391111111111 -1.7149866666666191 -1.9988355555555555 -1.9977688888888887 -1.9965066666666655 -1.9948533333333309 -1.990222222222219 -1.9830844444444422 -1.9704177777777794 -1.9523466666666769 -1.9294755555555667 -1.8937600000000094 -1.8417600000000065 -1.780186666666671 -1.7065866666666667 -1.5699733333333337 -1.4488711111111137 -1.2578311111111136 -1.1254399999999991 -1.0216977777777776 -0.93813333333333415 -0.88507555555555772 -0.83254222222222429 -0.78703111111111113 -0.75053333333333516 -0.70800888888888969 -0.67828444444444524 -0.65584888888888837 -0.61885333333333414 -0.60495111111111155 -0.58060444444444526 -0.55617777777777788


# name: C_med_15_2e3
# type: matrix
# rows: 1
# columns: 35
 0.036900623151084506 0.015271275502176275 0.0083777618211975588 0.005257248765995347 0.0018641072991474074 0.0016326188326424315 0.0021139792598710871 0.0019511823486928947 0.0012639956476139269 0.0013170141542519704 0.0011108136682426138 0.001553769771066679 0.0014193908701685483 0.0014813357326638435 0.0021530566008419543 0.0027508799438692002 0.0030338317369724309 0.0038289494747741799 0.0059987784344691184 0.0064373259674765579 0.0066469334546051268 0.004687269371526929 0.003452907191108925 0.0024580777584651738 0.0021334251987160072 0.0018903403362608641 0.0016619233522170893 0.0014773621158799977 0.0012768352216461437 0.0012172302271568547 0.0010807403086228377 0.00097073519652461041 0.00093552654361916162 0.00080890909564533574 0.0007384783749899642


# name: susc_med_15_2e3
# type: matrix
# rows: 1
# columns: 35
 0.001755134159672422 0.0012091162442375231 0.0060663842750304673 0.0017230878868424743 0.17002361354192408 0.00049461772753870651 0.0021716829300960643 0.0020931664954204139 0.0014437360428590249 0.0021279234831780305 0.00040088436764387932 0.0035294887583518179 0.0014422877509287033 0.00053925759383655254 0.0020803464311977961 0.0027108031860321336 0.0018198551836239095 0.0030616639870673589 0.058286073800184891 0.15960773801706171 0.13404506193861923 0.084386652185890934 0.051319493653486752 0.030403562697183174 0.023395273328964381 0.018509152141145343 0.014499626155741126 0.012068187489817474 0.0097682653165277397 0.0084909179287996107 0.0074407050100662722 0.006442964250854992 0.0058147227279401088 0.0053956891543406301 0.0045281880396988638


