# Created by Octave 5.2.0, Sun Jun 07 06:52:18 2020 -03 <rsebastiao@ni-30285-8P>
# name: T
# type: matrix
# rows: 1
# columns: 35
 0.10000000000000001 0.21470588235294119 0.32941176470588235 0.44411764705882351 0.55882352941176472 0.67352941176470582 0.78823529411764703 0.90294117647058814 1.0176470588235293 1.1323529411764706 1.2470588235294118 1.361764705882353 1.4764705882352942 1.5911764705882354 1.7058823529411764 1.8205882352941176 1.9352941176470588 2.0499999999999998 2.164705882352941 2.2794117647058822 2.3941176470588235 2.5088235294117647 2.6235294117647059 2.7382352941176471 2.8529411764705883 2.9676470588235295 3.0823529411764707 3.1970588235294115 3.3117647058823527 3.4264705882352939 3.5411764705882351 3.6558823529411764 3.7705882352941176 3.8852941176470588 4


# name: mag_med_20_1e4
# type: matrix
# rows: 1
# columns: 35
 0.99959349999999991 -0.19279349999999704 -0.99935350000000001 -0.99941450000000009 -0.99959300000000006 -0.99941250000000015 -0.99958750000000107 -0.99888350000000259 0.99858900000000417 0.9973375000000031 -0.98123899999999209 -0.98903799999997388 -0.98770049999995513 -0.97731399999995605 -0.96784649999997241 -0.95184899999998196 -0.9270080000000015 -0.89137050000000928 0.82306200000000207 0.2372990000000002 -0.059121500000000153 0.057550500000000296 -0.0078500000000000427 0.0010179999999999777 0.00078799999999999964 -0.00095899999999998547 -0.0012510000000000008 0.0050580000000000009 -0.0016334999999999958 0.0015289999999999972 0.0013349999999999933 0.0013924999999999947 -0.0013225000000000055 0.0029195000000000041 -0.0019395000000000035


# name: E_med_20_1e4
# type: matrix
# rows: 1
# columns: 35
 -1.9996529999999999 -1.7797900000001705 -1.999525 -1.9995970000000001 -1.9996669999999999 -1.999542999999999 -1.9993999999999952 -1.9983129999999811 -1.9962089999999513 -1.9922079999998998 -1.9805859999998363 -1.9713099999998052 -1.9555339999998189 -1.9282659999998748 -1.8953229999999479 -1.8485619999999958 -1.7871440000000123 -1.7064500000000025 -1.5916679999999963 -1.427682000000001 -1.2402709999999961 -1.1023230000000013 -1.0139799999999974 -0.94420799999999871 -0.88131099999999774 -0.82869500000000296 -0.7855110000000034 -0.74537800000000165 -0.71066399999999863 -0.67965599999999693 -0.6507959999999976 -0.62098999999999915 -0.60153200000000528 -0.57647800000000582 -0.55677700000000308


# name: C_med_20_1e4
# type: matrix
# rows: 1
# columns: 35
 0.019798938993909759 0.0021095128916145001 0.0023721786839080829 0.00096403436754372528 0.0005275829863207361 0.00048113499314663517 0.0003002642656781125 0.00040215344714128752 0.00030674815348484866 0.00031623612003036505 0.001015856210389505 0.00063506238592728073 0.00053047194517391409 0.0009278492262576951 0.0010180607227417526 0.0012866994149641194 0.0017190340566525786 0.0020752003814301545 0.0030304192526884499 0.0041344536116306981 0.003639820885269934 0.0024793786967904686 0.0017237028979497524 0.0014873657390481892 0.0012028039660724487 0.0010438606041904537 0.00090058571588721732 0.00081750918394140086 0.00073078750857082401 0.00065654961330163894 0.00061054978164124408 0.00054063787986112445 0.00050265167775779326 0.00046219657695563155 0.00042878802073956831


# name: susc_med_20_1e4
# type: matrix
# rows: 1
# columns: 35
 0.0023451070882098721 0.00057577006515720773 0.0011827856253040362 0.00074282722653052128 0.00037067169527452311 0.00060957011367112224 0.00023613628853554281 0.0006580886604457012 0.0003385196521386847 0.00049913776280199656 0.012492905325577609 0.0018735613281406901 0.00010040133876931911 0.0017984752955143158 0.00085854185217663752 0.00090853416142907455 0.0015122536543015345 0.0023516835731134558 0.0047567472957077625 0.19136559109286594 0.10607714794923652 0.050760406559900176 0.03015739942828365 0.020926559519367387 0.01382881450932732 0.010311649210966566 0.008049518214855644 0.0066983653804571401 0.005814883193856697 0.0047433582277196969 0.0041077061555823682 0.0036987338081152627 0.0032558596638720522 0.0029360273398385201 0.0026311770776452918


