# Created by Octave 5.2.0, Sun Jun 07 13:42:28 2020 -03 <rsebastiao@ni-30285-8P>
# name: T
# type: matrix
# rows: 1
# columns: 35
 0.10000000000000001 0.21470588235294119 0.32941176470588235 0.44411764705882351 0.55882352941176472 0.67352941176470582 0.78823529411764703 0.90294117647058814 1.0176470588235293 1.1323529411764706 1.2470588235294118 1.361764705882353 1.4764705882352942 1.5911764705882354 1.7058823529411764 1.8205882352941176 1.9352941176470588 2.0499999999999998 2.164705882352941 2.2794117647058822 2.3941176470588235 2.5088235294117647 2.6235294117647059 2.7382352941176471 2.8529411764705883 2.9676470588235295 3.0823529411764707 3.1970588235294115 3.3117647058823527 3.4264705882352939 3.5411764705882351 3.6558823529411764 3.7705882352941176 3.8852941176470588 4


# name: mag_med_20_2e3
# type: matrix
# rows: 1
# columns: 35
 0.0090575000000000863 -0.99781249999999999 0.99838499999999997 -0.99692499999999995 0.999135 0.9463649999999999 0.84871249999999943 0.99747999999999715 0.96971749999999302 -0.99414749999998808 0.99288499999998425 0.985897499999983 -0.98481249999998199 -0.97783749999998848 0.95884249999999238 0.951259999999997 0.92236750000000156 -0.88947500000000146 -0.49627249999999934 0.3262525 0.061834999999999855 0.013557499999999969 0.018817500000000018 0.0068200000000000005 0.0083975000000000039 0.0098699999999999864 0.0065450000000000135 0.008210000000000002 -0.0049749999999999951 0.00073749999999999608 -0.0013125000000000038 0.0003924999999999942 0.00035749999999999823 0.0022500000000000037 0.00035999999999999753


# name: E_med_20_2e3
# type: matrix
# rows: 1
# columns: 35
 -1.7888699999999702 -1.99823 -1.9985650000000001 -1.9980599999999999 -1.9989949999999999 -1.9761799999999998 -1.9616049999999992 -1.9967700000000008 -1.9823300000000021 -1.9899550000000032 -1.9823700000000068 -1.9691050000000063 -1.9541050000000106 -1.9269450000000097 -1.8897200000000087 -1.8507850000000035 -1.7839500000000024 -1.7054800000000003 -1.5728399999999998 -1.4093049999999978 -1.2434149999999988 -1.110640000000001 -1.0114950000000003 -0.93708000000000202 -0.88049999999999951 -0.83027999999999835 -0.78344500000000039 -0.74875999999999909 -0.71440500000000129 -0.68027000000000137 -0.65019000000000049 -0.62465999999999844 -0.60087999999999975 -0.57594499999999837 -0.55709999999999804


# name: C_med_20_2e3
# type: matrix
# rows: 1
# columns: 35
 0.052228424212095149 0.021793917555509773 0.0077208863990356497 0.0049118760441582542 0.0019515736014824394 0.011785686488675768 0.01260792391503826 0.0014897218979466119 0.0040205008378091161 0.0011248971148417118 0.0012336014391586192 0.0012770864508519343 0.00097609939519210367 0.0011144562591907203 0.0019239705969512622 0.0016197166478719134 0.0021360003987359591 0.0022823475033173987 0.0035417422510877314 0.0045840200804835047 0.0035393303307746232 0.002284689208703066 0.0016890869813916047 0.0013782787034414743 0.0012588314137938308 0.0010166992980706279 0.0009019321191009635 0.00081517243993566263 0.00073295246627475344 0.00063303233908762512 0.00057989952004622119 0.00053892476499101897 0.00049211920496573759 0.00046476831558290058 0.00042553714357178866


# name: susc_med_20_2e3
# type: matrix
# rows: 1
# columns: 35
 0.00025361874687343891 0.0060082068003175461 0.0027459372856070232 0.0048685871909471849 0.00077845556199144703 0.041921041321970477 0.1698968762249497 0.001446885866386026 0.016218796149159113 0.0025707896880256651 0.0016336802917969215 0.004045273993098013 0.0014765904802501364 0.00070615857258577569 0.0042937368958186235 0.0011317455432077932 0.0030271427976525664 0.0020386165643797517 0.18817479691323435 0.1542914694416562 0.1129414549332403 0.057317405802402951 0.027348316900462473 0.017771032437808556 0.014196312721180175 0.010173861216039155 0.007463808155509068 0.0068747907587648691 0.0060789917938542859 0.004641239350898608 0.0039013722366789709 0.0037729414754642124 0.0032292501913007967 0.0031264006340793373 0.0028543072536268139


