# Created by Octave 5.2.0, Sun Jun 07 14:50:41 2020 -03 <rsebastiao@ni-30285-8P>
# name: T
# type: matrix
# rows: 1
# columns: 35
 0.10000000000000001 0.21470588235294119 0.32941176470588235 0.44411764705882351 0.55882352941176472 0.67352941176470582 0.78823529411764703 0.90294117647058814 1.0176470588235293 1.1323529411764706 1.2470588235294118 1.361764705882353 1.4764705882352942 1.5911764705882354 1.7058823529411764 1.8205882352941176 1.9352941176470588 2.0499999999999998 2.164705882352941 2.2794117647058822 2.3941176470588235 2.5088235294117647 2.6235294117647059 2.7382352941176471 2.8529411764705883 2.9676470588235295 3.0823529411764707 3.1970588235294115 3.3117647058823527 3.4264705882352939 3.5411764705882351 3.6558823529411764 3.7705882352941176 3.8852941176470588 4


# name: mag_med_25_2e3
# type: matrix
# rows: 1
# columns: 35
 -0.99880320000000011 0.99641599999999997 0.41910079999999267 0.99653440000000004 -0.99591039999999997 -0.99745599999999945 0.99767679999999892 -0.99031359999999591 -0.99775679999999134 -0.99659679999998563 -0.99324639999998299 0.98968479999998604 0.98498079999999255 -0.96981919999999666 -0.96683839999999965 0.94993119999999975 0.92339359999999815 -0.88762399999999864 0.82159839999999862 -0.19949599999999984 -0.16681760000000009 0.04639039999999995 0.018715199999999998 -0.010153600000000002 0.014099199999999999 -0.0051696000000000016 0.0075407999999999942 0.0071424000000000019 0.0062015999999999911 -0.0024816 -0.0055695999999999949 0.0067487999999999992 0.0011007999999999999 0.0036959999999999983 -0.00083040000000000013


# name: E_med_25_2e3
# type: matrix
# rows: 1
# columns: 35
 -1.9987168000000002 -1.9979712000000001 -1.8323455999999574 -1.9980032000000001 -1.9975328000000001 -1.9979360000000002 -1.9978368000000006 -1.9941376000000022 -1.9950784000000044 -1.9914016000000088 -1.9825536000000159 -1.9709120000000195 -1.9543968000000163 -1.9253504000000112 -1.894009600000004 -1.8481151999999936 -1.7822143999999953 -1.7048543999999928 -1.5936287999999965 -1.4307648000000002 -1.2291583999999995 -1.1011359999999994 -1.0072896000000005 -0.94615680000000313 -0.88511040000000107 -0.83478079999999999 -0.78507840000000007 -0.74593599999999993 -0.71054399999999862 -0.67786879999999883 -0.65209599999999934 -0.62664959999999903 -0.60068800000000011 -0.57647999999999866 -0.55590720000000049


# name: C_med_25_2e3
# type: matrix
# rows: 1
# columns: 35
 0.078007591571775031 0.021388289783234673 0.0058554335466512045 0.0051025313872794763 0.0037613847105512788 0.0025247735162635958 0.0017904711873906901 0.0023407477931298667 0.00087819656630473914 0.00078538152147121141 0.00087183321714827541 0.00074723358774865967 0.0007528639674841967 0.0013489134005521372 0.0010451770767259502 0.0011920379309653408 0.0014534589653572019 0.0017698298954688454 0.0023292129436438503 0.0027803313284046533 0.0022758900584426041 0.0013376468409744193 0.001116131745225582 0.00089452520082635312 0.00075289944577422343 0.00065261832928604417 0.00059090474389201933 0.00052613226821913398 0.00044854671718622542 0.00042886668831318262 0.0003966498703971722 0.00034490640028758451 0.0003433543085205209 0.00029727666427536932 0.00029060684518259167


# name: susc_med_25_2e3
# type: matrix
# rows: 1
# columns: 35
 0.006574615205202302 0.012857567624360994 0.00080294256934181128 0.0052081520022100427 0.0049062632033148642 0.0024863298066500595 0.0018026933145616243 0.008216990494966183 0.00058361677219655769 0.00078593658938152079 0.0011563896608531136 0.0011998310028586664 0.0011102253522426336 0.0053367389696001126 0.00097431607570960105 0.0012638089051478954 0.0016678633767850475 0.0026674835486035797 0.00439304403387777 0.19316429275406741 0.070951591542554829 0.033171274651001552 0.018591149206718151 0.012248207813459462 0.0096322159807557331 0.0074373769094513769 0.0048230186165816027 0.0045722950866064257 0.00358284940758977 0.0030193294636069799 0.0028831470294828601 0.0025099623883626599 0.0020894769692041018 0.0017950837663797856 0.0017605286732966573


