# Created by Octave 5.2.0, Sun Jun 07 16:32:03 2020 -03 <rsebastiao@ni-30285-8P>
# name: T
# type: matrix
# rows: 1
# columns: 35
 0.10000000000000001 0.21470588235294119 0.32941176470588235 0.44411764705882351 0.55882352941176472 0.67352941176470582 0.78823529411764703 0.90294117647058814 1.0176470588235293 1.1323529411764706 1.2470588235294118 1.361764705882353 1.4764705882352942 1.5911764705882354 1.7058823529411764 1.8205882352941176 1.9352941176470588 2.0499999999999998 2.164705882352941 2.2794117647058822 2.3941176470588235 2.5088235294117647 2.6235294117647059 2.7382352941176471 2.8529411764705883 2.9676470588235295 3.0823529411764707 3.1970588235294115 3.3117647058823527 3.4264705882352939 3.5411764705882351 3.6558823529411764 3.7705882352941176 3.8852941176470588 4


# name: mag_med_30_2e3
# type: matrix
# rows: 1
# columns: 35
 -0.995 0.99523222222222218 0.22563888888888969 -0.99493666666666669 -0.99467222222222229 -0.99179888888888912 0.99331000000000114 0.99280666666667006 -0.99752555555556155 0.98690888888889416 0.98759222222222898 -0.98753777777778462 -0.95954000000000739 -0.86602000000000645 0.94803000000000492 0.8741799999999974 0.92459666666666107 -0.88107111111111203 -0.79384222222222067 -0.614594444444444 0.19825333333333311 0.025284444444444443 -0.012716666666666668 -0.0089411111111111271 -0.0097033333333333277 -0.0088777777777778091 -0.0011344444444444514 0.00048555555555555364 0.0043555555555555448 -0.00011888888888888829 0.002214444444444446 0.0019588888888888894 0.0017788888888888919 0.00022111111111111016 -0.00050999999999999939


# name: E_med_30_2e3
# type: matrix
# rows: 1
# columns: 35
 -1.9975688888888889 -1.9973577777777778 -1.8596311111110366 -1.99762 -1.9973466666666666 -1.9968488888888885 -1.9964977777777759 -1.9959088888888834 -1.995182222222214 -1.9885577777777741 -1.9814577777777811 -1.9693555555555684 -1.9472466666666788 -1.9020244444444505 -1.8872999999999909 -1.827859999999994 -1.7823022222222249 -1.6985244444444425 -1.5873600000000028 -1.4195155555555559 -1.2325311111111068 -1.0955911111111112 -1.0133688888888881 -0.94174222222222415 -0.87907111111111091 -0.82838888888888806 -0.78719111111111184 -0.74539111111111245 -0.711853333333335 -0.67486000000000113 -0.64977333333333398 -0.62174222222222186 -0.6005577777777773 -0.57539555555555677 -0.56031777777777736


# name: C_med_30_2e3
# type: matrix
# rows: 1
# columns: 35
 0.1053836370036948 0.027520681800138658 0.0049176270416641165 0.0051106384193994161 0.0038933486480454138 0.00286542332739388 0.0022220975682598781 0.0014144588986304588 0.00087993865554356369 0.0012853472719388706 0.0011142200815301216 0.0010692486765877672 0.0013263198997194318 0.0026960684342245212 0.0012865178760164242 0.0021295704479610484 0.0010479249665116496 0.0013864023002313488 0.0018238618669880102 0.002154684067748892 0.001626645129298049 0.00086917915224748034 0.00080193698261625979 0.0006147222266770434 0.00051020281422528286 0.00043968827349029409 0.00043711145287119504 0.00037409673430232443 0.00032862182734720618 0.0003061141558380313 0.00026125936554689035 0.00023566457551790212 0.00021774441266514947 0.00020974182848262994 0.00018646531630012449


# name: susc_med_30_2e3
# type: matrix
# rows: 1
# columns: 35
 0.03340759268523092 0.014020791022264206 0.0078244158179177296 0.0073859982508634302 0.0067800030717117552 0.010014110755091305 0.0057560037161562688 0.0056009220283930019 0.00088293044024325329 0.0083128738390046975 0.0046513961550425243 0.0022524182576582571 0.014362546689113621 0.058747328877323854 0.0096403307659360966 0.037025561068374416 0.0012886351212305304 0.0036389954712375636 0.017132538424740759 0.021864912613216173 0.059438295902645356 0.021641607942697448 0.014242163255546871 0.0077519389429634182 0.0059202690332565934 0.0047979127715554407 0.0038064360731633229 0.0029842332327702629 0.002399451753155501 0.0021498398087296637 0.0018543301667445029 0.0016436597096756577 0.0014587848918199563 0.0012726064863816664 0.0011819883148364329


