# Created by Octave 5.2.0, Sat Jun 06 03:56:37 2020 -03 <rsebastiao@ni-30285-8P>
# name: T
# type: matrix
# rows: 1
# columns: 53
 0.20000000000000001 0.40000000000000002 0.60000000000000009 0.80000000000000004 1 1.2 1.4000000000000001 1.6000000000000001 1.8 1.8 1.8200000000000001 1.8400000000000001 1.8600000000000001 1.8800000000000001 1.9000000000000001 1.9199999999999999 1.9399999999999999 1.96 1.98 2 2.02 2.04 2.0600000000000001 2.0800000000000001 2.1000000000000001 2.1200000000000001 2.1400000000000001 2.1600000000000001 2.1800000000000002 2.2000000000000002 2.2200000000000002 2.2400000000000002 2.2600000000000002 2.2800000000000002 2.2999999999999998 2.3200000000000003 2.3399999999999999 2.3600000000000003 2.3799999999999999 2.3999999999999999 2.4199999999999999 2.4399999999999999 2.46 2.48 2.5 2.5 2.7000000000000002 2.8999999999999999 3.1000000000000001 3.2999999999999998 3.5 3.7000000000000002 3.9000000000000004


# name: mag_med_10_1e4
# type: matrix
# rows: 1
# columns: 53
 0.25709600000000077 0.99973600000000007 -0.92041799999999985 0.99453199999999886 0.99901399999999152 0.99688199999997051 -0.99090599999993467 0.97967599999990707 -0.95605999999990254 0.95659399999990125 -0.95325999999990585 -0.95045399999991109 -0.94562799999991098 0.94406599999991159 0.36201600000001255 0.73780599999995722 0.93331399999991538 -0.92448599999992298 -0.91501999999993333 0.22053000000000403 -0.47627400000000741 -0.22339200000000534 0.27428600000000825 -0.39435800000001775 -0.51369600000000282 -0.30360200000000936 -0.27071200000000811 -0.010769999999999955 0.43761000000001521 0.040814000000000274 -0.018437999999999833 -0.075463999999999878 -0.11072799999999999 -0.0046080000000000565 0.007832000000000016 0.020026000000000082 -0.020017999999999762 0.14796799999999971 0.024031999999999998 0.1056480000000002 0.0051960000000000365 0.0081400000000000396 0.0026839999999999507 -0.030019999999999932 -0.0053840000000000042 -0.033704000000000046 0.022434000000000186 -0.013504000000000028 0.0038340000000000145 -0.0037159999999999966 0.0010959999999999924 -0.0024239999999999904 0.0042279999999999965


# name: E_med_10_1e4
# type: matrix
# rows: 1
# columns: 53
 -1.5598759999998508 -1.9997119999999999 -1.9717480000000003 -1.9965879999999987 -1.996691999999991 -1.9884599999999726 -1.9668519999999421 -1.9287279999999347 -1.8581559999999473 -1.8596159999999453 -1.8497199999999476 -1.8413079999999518 -1.8297319999999486 -1.8239799999999509 -1.8108399999999594 -1.8002319999999659 -1.793131999999972 -1.7764039999999675 -1.7545439999999806 -1.740623999999982 -1.7318519999999877 -1.7190279999999798 -1.6970439999999916 -1.6818319999999973 -1.6674959999999985 -1.6425200000000113 -1.621852000000005 -1.6017320000000075 -1.570764000000012 -1.5576880000000077 -1.543940000000011 -1.5154320000000117 -1.4935560000000072 -1.4600680000000177 -1.4280160000000097 -1.415016000000012 -1.3815840000000092 -1.360796000000009 -1.3251520000000097 -1.3132720000000051 -1.2756640000000092 -1.2498520000000015 -1.2298880000000019 -1.2019040000000021 -1.1912920000000045 -1.1890079999999967 -1.003960000000006 -0.87554400000004329 -0.78689200000006887 -0.71658000000006916 -0.66272000000005427 -0.62062400000003781 -0.5772240000000215


# name: C_med_10_1e4
# type: matrix
# rows: 1
# columns: 53
 0.0019798135813579292 0.0013576173617368768 0.02978360196020104 0.0022507848534865866 0.00044590172617274169 0.000775708404173655 0.0015978384042483319 0.0027015131263126314 0.0045186122513485956 0.0044689445932247955 0.0048113740247348897 0.0048802756977022292 0.005148025548306295 0.0051973960410984579 0.0055587870144356531 0.0057930126172339846 0.0057412985894189838 0.0062597338409392982 0.0070606366993195852 0.0077186745234520682 0.0076543312835353544 0.0078670341121004645 0.0086245362362610128 0.0091777307760361956 0.0090178927153491736 0.0095016375970099348 0.010562277752799706 0.010627271612621286 0.011103504152283918 0.012013981285731593 0.011402779024757342 0.011959345921837202 0.012346898967443138 0.012428388763775833 0.013114729950122079 0.013078202838119156 0.013560631931409184 0.013416424661712677 0.013146942986086149 0.012679631507595721 0.012761401661646519 0.012279926275346961 0.011833265330631169 0.011977507386534652 0.011559788096569103 0.0116064303927994 0.0079097509750976069 0.0050883547408247581 0.0037703687471762706 0.0030663694101275129 0.0025325864504816167 0.0021175828776448641 0.0018090943758413379


# name: susc_med_10_1e4
# type: matrix
# rows: 1
# columns: 53
 0.0014223761576157821 0.00044106986698690457 0.14938071353128993 0.0055162778477844503 0.0001418819921991362 0.00016128119145255383 0.00023966622662262947 0.00046878126812687583 0.0013511997866453148 0.0012558806791791188 0.0013609341153895936 0.0014410320836432502 0.001863243107106485 0.0016168785197668476 0.39707815820738279 0.17375505590350554 0.0018705259206331993 0.0028427311118865784 0.0034473748384938364 0.39267142669268801 0.29743358341971537 0.3768155709374793 0.35181092390986757 0.3044464676448273 0.24491288156624913 0.31338697341244542 0.30996829264983206 0.33391322794317185 0.23049420900805961 0.30954874460355236 0.30454724758782065 0.28640888405982956 0.27261421275578251 0.26402287875102853 0.24669292136865925 0.24038815921419587 0.22441305655181223 0.20614130522204557 0.1986121565837233 0.19132090713071578 0.1797078722682158 0.16635033191843376 0.15955143325064366 0.14680268010671654 0.14608999001660317 0.1434832924828478 0.08201861506298655 0.046842436651941897 0.03104446588013661 0.022421669846985161 0.017759649903275672 0.014131068302506039 0.011656828251030951


