# Created by Octave 5.2.0, Sat Jun 06 02:37:28 2020 -03 <rsebastiao@ni-30285-8P>
# name: T
# type: matrix
# rows: 1
# columns: 53
 0.20000000000000001 0.40000000000000002 0.60000000000000009 0.80000000000000004 1 1.2 1.4000000000000001 1.6000000000000001 1.8 1.8 1.8200000000000001 1.8400000000000001 1.8600000000000001 1.8800000000000001 1.9000000000000001 1.9199999999999999 1.9399999999999999 1.96 1.98 2 2.02 2.04 2.0600000000000001 2.0800000000000001 2.1000000000000001 2.1200000000000001 2.1400000000000001 2.1600000000000001 2.1800000000000002 2.2000000000000002 2.2200000000000002 2.2400000000000002 2.2600000000000002 2.2800000000000002 2.2999999999999998 2.3200000000000003 2.3399999999999999 2.3600000000000003 2.3799999999999999 2.3999999999999999 2.4199999999999999 2.4399999999999999 2.46 2.48 2.5 2.5 2.7000000000000002 2.8999999999999999 3.1000000000000001 3.2999999999999998 3.5 3.7000000000000002 3.9000000000000004


# name: mag_med_10_5e3
# type: matrix
# rows: 1
# columns: 53
 0.11997600000000218 -0.26637600000001388 0.99977999999999989 0.99930799999999942 -0.9963159999999972 0.99665599999999321 -0.98770799999998782 0.97760399999998959 -0.95785599999999849 -0.95666399999999763 -0.95246399999999998 0.9500160000000033 -0.9470760000000058 0.94068400000000751 -0.93739600000000811 0.9328600000000099 -0.92918000000001377 -0.92358400000001784 -0.91817600000001698 -0.19401200000000071 -0.11136399999999931 -0.90059200000002371 -0.54867600000001759 0.35456400000000415 -0.49819600000001302 -0.36776000000000431 0.56477200000001726 -0.81022400000003458 0.20740800000000023 0.084883999999999266 0.0035919999999989714 -0.035659999999999914 -0.061224000000000341 -0.099739999999999857 -0.089780000000000026 -0.10961199999999981 0.027163999999999917 0.035712000000000362 0.24830000000000133 -0.11997999999999977 -0.013936000000000013 0.068028000000000186 -0.12338800000000005 -0.13241600000000037 0.026444000000000103 -0.038212000000000121 -0.0013960000000000409 0.016336000000000003 -0.017296000000000082 0.00031600000000000454 -0.0085520000000000335 0.00030800000000000385 0.0027439999999999982


# name: E_med_10_5e3
# type: matrix
# rows: 1
# columns: 53
 -1.5596640000001651 -1.5197520000001923 -1.9996160000000001 -1.9988320000000004 -1.9950640000000022 -1.9881040000000074 -1.963640000000018 -1.9258320000000377 -1.862240000000057 -1.8595840000000572 -1.847056000000058 -1.8420640000000614 -1.8322000000000636 -1.8160160000000669 -1.8089600000000676 -1.7948480000000717 -1.7858000000000713 -1.7721040000000718 -1.7595360000000797 -1.745688000000073 -1.7275600000000702 -1.7204240000000708 -1.7021280000000778 -1.6866320000000699 -1.6614800000000658 -1.6493280000000632 -1.6207520000000566 -1.6055200000000442 -1.5815760000000385 -1.5621760000000375 -1.5506880000000309 -1.5223280000000234 -1.4809600000000107 -1.4567999999999983 -1.434920000000002 -1.4168239999999865 -1.3935999999999948 -1.358663999999991 -1.3415279999999858 -1.3102799999999817 -1.2777039999999791 -1.2605039999999808 -1.2325839999999826 -1.2129919999999832 -1.1824079999999855 -1.1868559999999788 -0.99166400000001065 -0.86356000000001309 -0.78348000000000451 -0.71171200000000179 -0.66214400000000007 -0.61465599999999776 -0.57480799999999777


# name: C_med_10_5e3
# type: matrix
# rows: 1
# columns: 53
 0.0054702716543306891 0.00077377035407074138 0.00075885328176767807 0.00093505541108219938 0.0012331625365075794 0.0010386002089306338 0.0021642851019183793 0.0030089407631525541 0.004418495550962135 0.0044832136007449267 0.0049312521796715074 0.0050192162440050913 0.0051178116303109691 0.0055604058068290585 0.0058398046368278141 0.0061429866528861675 0.0058628688220374653 0.0064543659419100639 0.0066908863621514721 0.0075391794998998377 0.0080066514234128621 0.0078651976608316854 0.0083876025879132971 0.008447810257317832 0.0093951601204593418 0.0091460149488069454 0.010187187777323027 0.010306367171925549 0.011173431602404933 0.011060142818646247 0.011211009074633686 0.011642638719070439 0.012712394150848265 0.013368139925307432 0.012621555237323515 0.011973172173078717 0.012779413213345879 0.013687047791632679 0.012924310943680262 0.01254671795470196 0.012588462707226297 0.012339323881976364 0.011897898606755374 0.01187857367519298 0.011425920629885965 0.011349885219284048 0.0072628999193527942 0.0050819160740588273 0.0036191597944979534 0.0029316964454415297 0.0024664951981416957 0.0020937366190550313 0.0017935318251027369


# name: susc_med_10_5e3
# type: matrix
# rows: 1
# columns: 53
 0.004040005121024281 0.01144985653130696 0.00015181636327266749 0.00048759893978796658 0.0025111703780755054 0.00027740353404015472 0.0023747797673822645 0.0013645348969792276 0.0012211571558755454 0.0014073431930831334 0.0014042416747086092 0.0016848585717143393 0.0015644904378724405 0.0020618230795095014 0.0021451970309852358 0.0023610453340668011 0.0023930392264019718 0.0025321569130152396 0.002871055536359802 0.39911705533907621 0.40236588877378004 0.0041509329003055232 0.24508808898867127 0.31991666117070106 0.24936462796558614 0.29620540258995137 0.19616462919500166 0.031019810362072426 0.30469528838611948 0.31007731843823938 0.30710296002263754 0.29199874099819784 0.27105687589907146 0.25640342647476444 0.24741280064708526 0.23690607494601895 0.23068885448200466 0.21608023852905875 0.18135129126665597 0.18865876491964975 0.17886137058155524 0.16930551324034931 0.15548298336740396 0.14529560869593355 0.14442523499259802 0.14326478217883598 0.075685318983796324 0.043632952488428946 0.031449040899792405 0.021297392855540522 0.016744509843682889 0.014460574584105833 0.011736047328439848


