# Created by Octave 5.2.0, Sat Jun 06 01:54:48 2020 -03 <rsebastiao@ni-30285-8P>
# name: T
# type: matrix
# rows: 1
# columns: 53
 0.20000000000000001 0.40000000000000002 0.60000000000000009 0.80000000000000004 1 1.2 1.4000000000000001 1.6000000000000001 1.8 1.8 1.8200000000000001 1.8400000000000001 1.8600000000000001 1.8800000000000001 1.9000000000000001 1.9199999999999999 1.9399999999999999 1.96 1.98 2 2.02 2.04 2.0600000000000001 2.0800000000000001 2.1000000000000001 2.1200000000000001 2.1400000000000001 2.1600000000000001 2.1800000000000002 2.2000000000000002 2.2200000000000002 2.2400000000000002 2.2600000000000002 2.2800000000000002 2.2999999999999998 2.3200000000000003 2.3399999999999999 2.3600000000000003 2.3799999999999999 2.3999999999999999 2.4199999999999999 2.4399999999999999 2.46 2.48 2.5 2.5 2.7000000000000002 2.8999999999999999 3.1000000000000001 3.2999999999999998 3.5 3.7000000000000002 3.9000000000000004


# name: mag_med_10_1e3
# type: matrix
# rows: 1
# columns: 53
 0.99912000000000001 0.99815999999999994 0.9976600000000001 -0.99780000000000013 0.99714000000000069 0.99328000000000172 -0.98966000000000365 -0.9730200000000061 0.95700000000000585 -0.95914000000000743 0.95072000000000778 0.94748000000000698 -0.947160000000006 -0.9433000000000048 0.927400000000005 0.93390000000000517 0.92728000000000488 0.91872000000000442 0.90672000000000397 0.90786000000000355 0.89370000000000294 0.90288000000000379 0.87744000000000211 0.89642000000000344 -0.87744000000000266 -0.56889999999999885 0.56199999999999917 -0.83346000000000164 0.21233999999999992 -0.089560000000000084 0.23821999999999977 -0.47125999999999985 0.30557999999999941 -0.31817999999999969 0.033140000000000003 0.20456000000000019 -0.21106000000000069 -0.36022000000000087 -0.18010000000000001 -0.029399999999999961 0.19223999999999972 0.14367999999999975 -0.031679999999999972 0.038339999999999978 0.075459999999999985 -0.16705999999999999 0.030479999999999934 0.05602 -0.018919999999999985 -0.019159999999999969 0.0030399999999999997 -0.012679999999999986 -0.0059600000000000026


# name: E_med_10_1e3
# type: matrix
# rows: 1
# columns: 53
 -1.9984000000000002 -1.9974000000000001 -1.9968800000000002 -1.9964400000000002 -1.9938800000000014 -1.9856000000000018 -1.9649600000000065 -1.9248800000000073 -1.8593600000000015 -1.865800000000003 -1.8470400000000022 -1.8377200000000027 -1.8351600000000017 -1.8175599999999983 -1.794440000000002 -1.803040000000002 -1.7860399999999985 -1.7727200000000021 -1.7406399999999982 -1.7403599999999986 -1.7141199999999979 -1.7227199999999991 -1.6831199999999991 -1.7051999999999992 -1.6798000000000015 -1.6314000000000002 -1.6171999999999973 -1.5979199999999969 -1.5679599999999998 -1.5743999999999985 -1.5439199999999964 -1.5018400000000021 -1.4405200000000007 -1.4950400000000004 -1.4391199999999986 -1.4083199999999996 -1.4100799999999987 -1.3413200000000003 -1.3566799999999997 -1.2860399999999981 -1.2878000000000003 -1.2512000000000014 -1.2201600000000012 -1.212400000000001 -1.1716000000000013 -1.2188800000000026 -0.98259999999999903 -0.87063999999999886 -0.78611999999999804 -0.70719999999999861 -0.6575999999999993 -0.62139999999999862 -0.58184000000000025


# name: C_med_10_1e3
# type: matrix
# rows: 1
# columns: 53
 0.029965965965965596 0.012039789789789753 0.0068598198198194056 0.0046373348348350257 0.0016105561561560882 0.0025763541319097794 0.0021071062899633815 0.0046090565565565234 0.0050231683535387518 0.0043712725070749175 0.0061527650099079305 0.0051449138174090815 0.0054351305867088263 0.0052095005825200744 0.0071755651496371821 0.0062276790679568761 0.0068280413477565102 0.0078332710052826712 0.0085953697805550115 0.007911078678678669 0.00854393890017849 0.0076229154952722868 0.0098142882254486016 0.0072732125616740747 0.0092213664912077602 0.010502055989774054 0.01122376634648449 0.01087277126234606 0.011827465543146043 0.011622333076878499 0.01210020864139854 0.012941475914690241 0.014333020780197539 0.011673299646214403 0.01343937994705478 0.013122139975885596 0.012359937115872509 0.013058997233372376 0.012432490678659756 0.013693192915137292 0.012224771728903934 0.012202904328676939 0.011525302551543512 0.011231288520570608 0.012114232632632666 0.012444115411411433 0.0066546162074282477 0.0049311130869276239 0.0036272844749015501 0.0030551910955951473 0.0026078519335662148 0.0022720485277096048 0.0018947425005544666


# name: susc_med_10_1e3
# type: matrix
# rows: 1
# columns: 53
 0.0020301581581582289 0.0023799159159159557 0.0024339746413081114 0.0018868368368367072 0.0010180384384384322 0.0027691371371370527 0.00053359387959389605 0.0045903901401399654 0.0013545767990212493 0.0012317097097097104 0.0020294369094369042 0.0026104635069852545 0.0018710831261369047 0.0013638691883372659 0.004370918286707738 0.0030213494744744558 0.0033777084300796152 0.0061690065575780093 0.0057542601187044982 0.0046415517517517527 0.0052658153202707753 0.0036631266560678247 0.0073948931455727045 0.0034744280819281183 0.0078935346775346159 0.19778022834154885 0.19582348703844241 0.010791545434323256 0.29881189648363926 0.3127577606697623 0.27770636925213632 0.18417239221364151 0.21153988661227577 0.23673861914546243 0.24908444984114517 0.21965931724828294 0.21505217884551231 0.15319266368063036 0.20426493300022669 0.18333885552218857 0.16799037980128853 0.1628753579809315 0.15649420868022476 0.15237303610061664 0.1328396349949949 0.15103141397397488 0.067000841434026626 0.043707624728176311 0.029897392101779101 0.021891010525677244 0.016519021421421479 0.014732575169764407 0.012409455198788505


