# Created by Octave 5.2.0, Sat Jun 06 08:25:16 2020 -03 <rsebastiao@ni-30285-8P>
# name: T
# type: matrix
# rows: 1
# columns: 53
 0.20000000000000001 0.40000000000000002 0.60000000000000009 0.80000000000000004 1 1.2 1.4000000000000001 1.6000000000000001 1.8 1.8 1.8200000000000001 1.8400000000000001 1.8600000000000001 1.8800000000000001 1.9000000000000001 1.9199999999999999 1.9399999999999999 1.96 1.98 2 2.02 2.04 2.0600000000000001 2.0800000000000001 2.1000000000000001 2.1200000000000001 2.1400000000000001 2.1600000000000001 2.1800000000000002 2.2000000000000002 2.2200000000000002 2.2400000000000002 2.2600000000000002 2.2800000000000002 2.2999999999999998 2.3200000000000003 2.3399999999999999 2.3600000000000003 2.3799999999999999 2.3999999999999999 2.4199999999999999 2.4399999999999999 2.46 2.48 2.5 2.5 2.7000000000000002 2.8999999999999999 3.1000000000000001 3.2999999999999998 3.5 3.7000000000000002 3.9000000000000004


# name: mag_med_15_1e4
# type: matrix
# rows: 1
# columns: 53
 0.15331644444444256 0.23912177777776264 -0.99956 -0.96982844444444416 0.99901600000000068 0.99329422222222419 0.98627466666667185 -0.97923644444445834 0.95675288888891863 -0.95701244444447453 -0.95359200000003608 0.94856977777780227 -0.9462728888889187 0.94208800000003468 -0.93627377777781307 0.93077600000003491 0.92760000000003695 0.92369422222226072 -0.91283288888892078 -0.83045422222224785 -0.1474008888888903 -0.89765066666669791 -0.88676977777780408 -0.87883022222224294 0.15505511111111131 -0.06557955555555528 -0.84365866666668021 -0.83766577777779005 0.14343822222222208 -0.4102319999999996 -0.1272808888888885 0.042367111111111674 0.16492622222222242 0.08438577777777774 -0.17483377777777831 -0.020463111111110925 -0.18445600000000076 -0.021499555555555674 0.11222488888888904 -0.026914666666666892 0.022032000000000124 -0.062865777777777992 -0.038535111111111152 -0.0054293333333333346 0.0037173333333333672 0.083734222222222071 0.0078213333333333867 -0.015158222222222184 0.0050728888888888915 0.0080559999999999937 0.0048231111111111122 0.0022977777777777879 0.0016586666666666661


# name: E_med_15_1e4
# type: matrix
# rows: 1
# columns: 53
 -1.6976142222220432 -1.727960888889051 -1.9996231111111111 -1.9893475555555566 -1.996940444444447 -1.9868995555555666 -1.9656657777778073 -1.9278791111111573 -1.8595857777778517 -1.859744000000076 -1.8501973333334005 -1.8391466666667406 -1.8305440000000746 -1.8203253333333982 -1.8077155555556295 -1.7967075555556213 -1.7844746666667342 -1.7734115555556098 -1.7580800000000389 -1.7461884444444891 -1.7304924444444822 -1.7179466666666954 -1.6970862222222305 -1.6795057777777878 -1.6584959999999933 -1.6418684444444291 -1.6206488888888624 -1.6042968888888585 -1.5695751111110816 -1.5499893333333055 -1.5243377777777476 -1.4980693333333117 -1.4692337777777515 -1.4379911111110892 -1.4122951111111017 -1.3824515555555505 -1.3589546666666594 -1.3268782222222144 -1.2832266666666745 -1.259850666666678 -1.2321973333333387 -1.2100746666666793 -1.1793724444444518 -1.1482808888889058 -1.1303057777777861 -1.14212444444445 -0.96780977777776622 -0.86339200000000071 -0.78235733333333368 -0.71414755555555509 -0.66013511111111578 -0.61556977777778588 -0.57472000000000367


# name: C_med_15_1e4
# type: matrix
# rows: 1
# columns: 53
 0.0021565839349356169 0.00096261509607728198 0.00059963247134073912 0.0048077693497763606 0.00029638332603642388 0.0008319248144292049 0.0011978470203783801 0.0012402442417082089 0.0020099977610014805 0.0020247102121582739 0.0020728079754712475 0.0023913050596993347 0.002316244569591566 0.0024252772720112928 0.0026566864695771 0.0028107235414899213 0.0028570658777136047 0.0029216001039224526 0.0034416688792819135 0.0032847947621428017 0.0034494583750946735 0.0036612114560358108 0.0037890530389127967 0.0040248474522371546 0.0042966134655625368 0.0045477505652194057 0.0047097777758266807 0.0047258756331695203 0.0053616651426053414 0.0057237087620198553 0.0059380861518090432 0.005909499430668568 0.0063415186753999582 0.0064211084119634651 0.0066560555788688081 0.0070134688394339799 0.0067949760120052782 0.006627449194960537 0.0064391629369738015 0.0059992832995231227 0.006122054253048969 0.0058474320255937507 0.0054964227877461122 0.0049464925352004727 0.0046450528045315848 0.004936225189136282 0.0027970095982587416 0.0020860244319466513 0.0016829040740483775 0.0012998338009224866 0.0010986205613194337 0.00096305131745573166 0.00078762594938722381


# name: susc_med_15_1e4
# type: matrix
# rows: 1
# columns: 53
 0.0019394912883879914 0.019611766324285844 0.00048937894612511733 0.035017647691679511 0.00016201090805381067 0.0027744193770840881 0.0033261233814401202 0.00029536144676195806 0.00061060507850506916 0.00055807772448028244 0.00056097008707788878 0.0012313442268541898 0.00072900586264652693 0.00093022685993314523 0.0013850740285465803 0.0025964583581809899 0.0013268385512344718 0.0013337761748964149 0.0037098481888591097 0.071522183874294334 0.39562245048814926 0.0027015781417405178 0.0035145507767606779 0.0032884610945425755 0.35063549643607855 0.34859729877797774 0.0062854841317521136 0.0053242687319488089 0.29888962431674415 0.22096631459024346 0.27544061313714319 0.26782541338120036 0.23989401976963909 0.23133180136952269 0.20794322847198207 0.20440981980156342 0.1787774868506376 0.17518712876719092 0.14760097111186635 0.14322020915144865 0.12904646912531162 0.1171835348518448 0.1056072216784265 0.090385727489037337 0.085070155094838021 0.089282927020287145 0.037458968239467032 0.022498485575352174 0.014724824173631683 0.010146425379477728 0.0076781262095732498 0.0062934112483654936 0.0051549766398481245


