# Created by Octave 5.2.0, Sat Jun 06 04:13:17 2020 -03 <rsebastiao@ni-30285-8P>
# name: T
# type: matrix
# rows: 1
# columns: 53
 0.20000000000000001 0.40000000000000002 0.60000000000000009 0.80000000000000004 1 1.2 1.4000000000000001 1.6000000000000001 1.8 1.8 1.8200000000000001 1.8400000000000001 1.8600000000000001 1.8800000000000001 1.9000000000000001 1.9199999999999999 1.9399999999999999 1.96 1.98 2 2.02 2.04 2.0600000000000001 2.0800000000000001 2.1000000000000001 2.1200000000000001 2.1400000000000001 2.1600000000000001 2.1800000000000002 2.2000000000000002 2.2200000000000002 2.2400000000000002 2.2600000000000002 2.2800000000000002 2.2999999999999998 2.3200000000000003 2.3399999999999999 2.3600000000000003 2.3799999999999999 2.3999999999999999 2.4199999999999999 2.4399999999999999 2.46 2.48 2.5 2.5 2.7000000000000002 2.8999999999999999 3.1000000000000001 3.2999999999999998 3.5 3.7000000000000002 3.9000000000000004


# name: mag_med_15_1e3
# type: matrix
# rows: 1
# columns: 53
 0.99650666666666665 -0.99954666666666658 0.99679111111111107 -0.93311999999999995 0.99747555555555523 0.95943999999999996 -0.98957333333333486 -0.97581333333333864 -0.91771555555556017 -0.93864000000000447 -0.92589333333333768 -0.95004444444444913 0.93871111111111616 0.93904888888889149 0.92791111111111491 0.93025777777778096 -0.92142222222222547 0.90058666666666853 -0.91278222222222505 -0.90485333333333462 -0.89204444444444353 0.89020444444444535 -0.87148444444444562 -0.8632622222222226 0.85687111111111247 -0.84693333333333365 0.84848888888888807 -0.13105777777777716 0.80405333333333184 -0.79245333333333112 -0.76205333333333325 0.36048888888888853 0.057919999999999548 -0.49998222222222255 -0.11921777777777767 0.19846222222222212 0.052275555555555603 -0.071333333333333027 0.23590222222222249 0.023715555555555483 -0.038053333333333286 -0.3168088888888892 0.051199999999999975 -0.047137777777777813 -0.007715555555555564 0.021057777777777672 0.0055466666666666416 -0.020328888888888851 0.0072622222222222099 0.010186666666666672 0.0086044444444444423 0.0053422222222222265 -0.0060444444444444365


# name: E_med_15_1e3
# type: matrix
# rows: 1
# columns: 53
 -1.9969777777777777 -1.9988444444444444 -1.9968533333333334 -1.9726044444444446 -1.9950755555555586 -1.9733866666666764 -1.9649955555555736 -1.920231111111123 -1.8409422222222303 -1.8461333333333416 -1.8348977777777831 -1.8419377777777801 -1.8258488888888942 -1.8164622222222238 -1.7968355555555562 -1.7959822222222259 -1.7811911111111112 -1.7517333333333309 -1.7594133333333335 -1.7348266666666663 -1.7176533333333317 -1.7058311111111117 -1.6807288888888894 -1.665404444444444 -1.6531199999999999 -1.6309866666666673 -1.6238577777777781 -1.571786666666666 -1.5745955555555557 -1.5475022222222239 -1.5133511111111109 -1.5017599999999978 -1.4441422222222229 -1.4758755555555554 -1.4050133333333354 -1.3986666666666674 -1.345457777777777 -1.3494933333333337 -1.3198399999999999 -1.2661511111111106 -1.2433600000000022 -1.2041422222222247 -1.1756088888888878 -1.142400000000001 -1.1198044444444444 -1.1357511111111112 -0.95916444444444349 -0.86764444444444455 -0.78056888888888942 -0.72380444444444381 -0.66762666666666748 -0.61182222222222182 -0.57265777777777771


# name: C_med_15_1e3
# type: matrix
# rows: 1
# columns: 53
 0.046482828507517289 0.0063525747970186522 0.005066835614764037 0.01396473955436937 0.0014528372520669812 0.0049651826861155232 0.0014753037138927735 0.0021866101904373363 0.004577557627739046 0.0036114492788780314 0.0042708641574467163 0.0025462806969026395 0.0033063479841398823 0.0031687617287715682 0.0035796491734715647 0.0033160238427728098 0.0036148154179406165 0.0046158447051079052 0.0039253522462013388 0.0034188811230983921 0.0044373758846970842 0.0039430008941070804 0.0041685577684199794 0.0049147663990968616 0.0049107608591206393 0.0053141020631582271 0.0049003004097513559 0.0063261914558972836 0.0065034556138996264 0.0064652210868147925 0.0067703787679378865 0.0062284080502775542 0.0074070385767638627 0.0060031639845979611 0.0074804038924218899 0.0066406228015716993 0.007330380666152647 0.0061423509187703363 0.0059499771008043141 0.0059280767186939975 0.0056821090008427003 0.0051627680048819827 0.0054294719445403157 0.0052525849676451778 0.0044593842284754055 0.0045059089754445805 0.0026399307393898314 0.0020852292817766047 0.0015624501386318377 0.0013091616737757144 0.0011489134389113251 0.00099018030737137381 0.00079615709864944942


# name: susc_med_15_1e3
# type: matrix
# rows: 1
# columns: 53
 0.012331363857684116 0.00039197696461891441 0.0034126213785805734 0.070489593198135192 0.00079165340154973489 0.030692884225789134 0.00062047633524178996 0.0012091676367725784 0.020746428777199528 0.0078331100812746041 0.014691861569886482 0.0010193166865201302 0.0031191781187798668 0.0018569891562169229 0.0032594788420649175 0.0018450666304164116 0.0043224856522553253 0.0090018219378360659 0.0038501014944362405 0.0025185238176448172 0.0058195626258210238 0.0035389578297736076 0.0046045128815739066 0.0059457106108958086 0.005499476045122108 0.0063458044580802595 0.0049624693344550346 0.30060437992633693 0.011668528929881346 0.012093051938582757 0.017046756964950744 0.21353889956976349 0.23605405450025449 0.14937210534337761 0.20853716861466978 0.19451765331956022 0.18670749978426271 0.18830750817777392 0.15895343349158914 0.14859197554756409 0.14335241398729601 0.079683362585414572 0.10224730079874145 0.086238056168474062 0.075589033410694714 0.091043160541282114 0.031259414849691969 0.021191204139004886 0.013652981019251078 0.010351935091095573 0.0083622467137331284 0.0063440481308802855 0.0054056685365327451


