# Created by Octave 5.2.0, Sat Jun 06 05:37:34 2020 -03 <rsebastiao@ni-30285-8P>
# name: T
# type: matrix
# rows: 1
# columns: 53
 0.20000000000000001 0.40000000000000002 0.60000000000000009 0.80000000000000004 1 1.2 1.4000000000000001 1.6000000000000001 1.8 1.8 1.8200000000000001 1.8400000000000001 1.8600000000000001 1.8800000000000001 1.9000000000000001 1.9199999999999999 1.9399999999999999 1.96 1.98 2 2.02 2.04 2.0600000000000001 2.0800000000000001 2.1000000000000001 2.1200000000000001 2.1400000000000001 2.1600000000000001 2.1800000000000002 2.2000000000000002 2.2200000000000002 2.2400000000000002 2.2600000000000002 2.2800000000000002 2.2999999999999998 2.3200000000000003 2.3399999999999999 2.3600000000000003 2.3799999999999999 2.3999999999999999 2.4199999999999999 2.4399999999999999 2.46 2.48 2.5 2.5 2.7000000000000002 2.8999999999999999 3.1000000000000001 3.2999999999999998 3.5 3.7000000000000002 3.9000000000000004


# name: mag_med_15_5e3
# type: matrix
# rows: 1
# columns: 53
 0.99930311111111114 0.99948977777777781 0.42923199999999972 0.97197333333333358 0.99886577777777763 0.99658311111111508 0.99081955555556345 -0.97794311111112731 -0.95602844444446278 -0.95578666666668577 -0.94933511111112989 0.94805511111112939 -0.94456355555557436 -0.9345973333333526 -0.93422222222223861 0.92610133333334976 0.93041777777779555 0.92191111111112534 0.91135822222223373 0.91116977777778851 0.90462933333334095 0.89216000000001183 0.89254400000000789 0.87972266666667043 0.84919111111111356 0.86017066666666908 -0.086238222222222424 -0.50755733333333408 -0.65699200000000035 -0.79098488888889029 -0.42569422222222231 -0.24684444444444434 0.17605155555555613 -0.010387555555555138 -0.21233600000000005 0.2589884444444443 -0.12429688888888896 -0.1609528888888887 0.020791111111111142 -0.061054222222222038 -0.08508444444444431 0.035390222222222351 0.0076337777777778087 -0.0059964444444444848 -0.0023591111111111564 -0.012878222222222251 0.0030257777777777978 0.015018666666666661 -0.0048800000000000007 -0.0055040000000000063 -0.00011377777777776845 0.0035075555555555615 -0.0006293333333333332


# name: E_med_15_5e3
# type: matrix
# rows: 1
# columns: 53
 -1.9994097777777777 -1.9993955555555556 -1.8275875555555154 -1.9881528888888891 -1.9967466666666707 -1.9880177777777854 -1.967893333333353 -1.9269688888889269 -1.8577848888889235 -1.8601457777778099 -1.8453937777778104 -1.8382080000000243 -1.8294542222222441 -1.8167360000000161 -1.805102222222229 -1.7934577777777838 -1.7894364444444517 -1.774474666666676 -1.7558933333333393 -1.7438471111111125 -1.7314346666666636 -1.7150826666666719 -1.7034275555555505 -1.6845617777777713 -1.6502186666666665 -1.6433493333333342 -1.6148302222222226 -1.5974364444444489 -1.5635377777777817 -1.5458311111111089 -1.5182044444444525 -1.4980835555555541 -1.4543751111111143 -1.4306417777777798 -1.4062080000000059 -1.3680355555555572 -1.354976000000002 -1.3217066666666732 -1.29982222222223 -1.2464995555555605 -1.2384675555555613 -1.2059342222222256 -1.1910684444444506 -1.1475804444444468 -1.134286222222221 -1.1444088888888901 -0.96473599999999882 -0.86314311111110642 -0.77901866666666342 -0.71509688888888578 -0.66199466666666396 -0.6164622222222208 -0.57362133333333232


# name: C_med_15_5e3
# type: matrix
# rows: 1
# columns: 53
 0.0088550866519005525 0.0025906297308846446 0.051310271281146264 0.0056279458558386574 0.00045972603903499467 0.00057702053442243982 0.000872400471527856 0.0014215109688603758 0.0021061685127148526 0.002196188203712987 0.0023072811731830369 0.0024048534750708674 0.0025243060580101531 0.0028894615089317486 0.0029295346898112725 0.0030562762072303394 0.0028039855284043586 0.0032293810933349352 0.0035033829375308266 0.003246827818106859 0.0033437866562541696 0.0038531383259388379 0.0036011631389418841 0.0039462020857673865 0.0049664304434359086 0.0043759908407455242 0.005027437752420363 0.0053249693011305135 0.005860082691430458 0.0055662068277342325 0.006116461990555701 0.0061085915948620633 0.0069833781397641865 0.0069484755929255723 0.0069725811474601182 0.0065370010042289043 0.0066655178128858803 0.0067987301057517669 0.0065388484504504069 0.0063412977048083905 0.0058559622382593117 0.0060139328072315078 0.0056053621557892886 0.0051314001467577244 0.0048759346184773216 0.0050602532508477174 0.0027707521802486784 0.002114696230971234 0.0015617715284889592 0.001294887053475484 0.0010738057772259721 0.00093558764815033113 0.00078660990072220609


# name: susc_med_15_5e3
# type: matrix
# rows: 1
# columns: 53
 0.0022460802046835428 0.00070139563517619924 0.40764837214881239 0.026435626977254344 0.00026981145285846151 0.00020382918657808942 0.00038496442343146628 0.00095630257113156914 0.00057600852450326355 0.0014068470319578193 0.0019006391954283809 0.0012433619975739088 0.001291533302120357 0.0049952760884722641 0.0015640752581965243 0.004180673790725291 0.0012648421398674722 0.0020706171972616032 0.0036892347531982321 0.0017134787526394437 0.0018516948170467665 0.0050328449035247236 0.0023974269454393893 0.0040828764636119631 0.011810871766358132 0.0036781763568180408 0.33237813047358727 0.20527848999008819 0.10652239988611496 0.0097646392887106841 0.19659592669560916 0.24108419214707266 0.22759861003503992 0.23103645633749034 0.19655519676894895 0.16706744157039116 0.18614187159694473 0.16416409737390134 0.16449334739652674 0.13214048024551373 0.12916661539837837 0.11639458040290494 0.11486979720737844 0.091926568980542564 0.087344427908673888 0.093571271403832007 0.037677383204926564 0.021475187552521081 0.013846654928755437 0.010620181143239395 0.0079508515157141104 0.0060728027533300862 0.0049905626554370619


