# Created by Octave 5.2.0, Sat Jun 06 11:20:41 2020 -03 <rsebastiao@ni-30285-8P>
# name: T
# type: matrix
# rows: 1
# columns: 53
 0.20000000000000001 0.40000000000000002 0.60000000000000009 0.80000000000000004 1 1.2 1.4000000000000001 1.6000000000000001 1.8 1.8 1.8200000000000001 1.8400000000000001 1.8600000000000001 1.8800000000000001 1.9000000000000001 1.9199999999999999 1.9399999999999999 1.96 1.98 2 2.02 2.04 2.0600000000000001 2.0800000000000001 2.1000000000000001 2.1200000000000001 2.1400000000000001 2.1600000000000001 2.1800000000000002 2.2000000000000002 2.2200000000000002 2.2400000000000002 2.2600000000000002 2.2800000000000002 2.2999999999999998 2.3200000000000003 2.3399999999999999 2.3600000000000003 2.3799999999999999 2.3999999999999999 2.4199999999999999 2.4399999999999999 2.46 2.48 2.5 2.5 2.7000000000000002 2.8999999999999999 3.1000000000000001 3.2999999999999998 3.5 3.7000000000000002 3.9000000000000004


# name: mag_med
# type: matrix
# rows: 1
# columns: 53
 0.99898199999999993 -0.26906799999998499 0.99787999999999988 -0.99882499999999841 0.998080999999989 -0.99521799999996052 -0.99000999999993988 0.9793119999999591 0.9550509999999891 0.95562599999999254 -0.94955599999999285 -0.94806799999999081 0.94131199999999593 0.940132999999998 -0.93310499999999486 -0.93087900000000101 0.92404300000000494 0.91654500000000061 -0.91285600000000156 -0.91200500000000262 0.89956200000000608 -0.89450600000000335 -0.88207400000000413 -0.87636200000000375 -0.86014900000000138 0.85585600000000506 -0.8423970000000045 0.82815300000000258 -0.81674000000000213 -0.073165999999999343 0.40872699999999856 0.46370799999999834 0.28681400000000068 0.22298599999999968 -0.48160099999999939 -0.14688700000000005 0.029646000000000051 -0.066045999999999716 0.090885999999999773 -0.013715000000000074 -0.044231999999999883 0.036235000000000107 -0.055137999999999826 0.0099929999999999516 0.011616000000000027 0.030780000000000019 -0.0025299999999999962 0.00051100000000000505 -0.0042210000000000017 0.0026740000000000084 0.0016590000000000003 0.0043719999999999905 0.0023900000000000015


# name: E_med
# type: matrix
# rows: 1
# columns: 53
 -1.99932 -1.7994180000000528 -1.9988779999999999 -1.9989459999999954 -1.9964779999999693 -1.9868019999999131 -1.9668159999998955 -1.9289199999999438 -1.858017999999996 -1.8580739999999991 -1.8467220000000033 -1.83940200000001 -1.8257560000000055 -1.8169300000000146 -1.8063220000000053 -1.7963160000000127 -1.7813020000000033 -1.7686520000000168 -1.7554740000000013 -1.7477760000000053 -1.7278019999999983 -1.7145119999999978 -1.6923759999999983 -1.6749579999999973 -1.6532440000000006 -1.6373159999999949 -1.6252540000000026 -1.6026540000000018 -1.5785979999999997 -1.54206 -1.5168899999999992 -1.4937720000000005 -1.4720599999999999 -1.4224279999999991 -1.3942540000000014 -1.3696420000000018 -1.3298679999999961 -1.3047600000000015 -1.2701699999999971 -1.2360440000000026 -1.2123479999999984 -1.1778779999999998 -1.1565759999999981 -1.135562000000002 -1.1152320000000038 -1.1059420000000006 -0.96859999999999891 -0.8576959999999979 -0.7797039999999984 -0.71339999999999759 -0.66095000000000004 -0.61422400000000021 -0.57538199999999995


# name: C_med
# type: matrix
# rows: 1
# columns: 53
 0.0088442088417700349 0.0011829945739149092 0.0014294000911297647 0.00060891722719554607 0.00043666284856982144 0.00060172645362403354 0.00061991079032132921 0.00080540858171634282 0.0012731841664629527 0.0012760794516928173 0.0014930394350818514 0.0014578714407815162 0.0015414773508522698 0.0015412982721034944 0.0017214668185714654 0.0016668557626456173 0.0018566591403093126 0.0019284632894925253 0.0019944238118105992 0.001786500756151237 0.0021026136400694641 0.0022380201376684342 0.0024174583771499887 0.0023178910550971281 0.0026108705786508754 0.0025964511485422896 0.0027932164046574658 0.0029794316810892495 0.0030387809730955473 0.0033973068167352598 0.0038222050505385147 0.0034646541904043665 0.0033589371958501822 0.0041215123634145128 0.0045121242554750024 0.0039147863453486611 0.0040516362780190314 0.003889434594761574 0.0037603790619009144 0.0035138329860416478 0.0033636682421519033 0.0029544603350930769 0.0029562188834091892 0.0026359271847866072 0.0023590872056011266 0.0023273890995799212 0.001564312862572542 0.0011276894598895935 0.00089330169717606025 0.000740871773987482 0.00060511020571462455 0.00051246171980926349 0.0004482667786680291


# name: susc_med
# type: matrix
# rows: 1
# columns: 53
 0.0034757635327062795 0.050034410322060685 0.0029767380142705323 0.00098031403155643165 0.00079336111122232976 0.00085358111288932989 0.00064119959706221928 0.00033849060812163139 0.00091830165977635438 0.00053288331221799175 0.0015080284540425148 0.0011976348400114453 0.0021809300870927707 0.0011274208623639644 0.002231643157578918 0.0015541453910573311 0.0017490761817311421 0.0031840643511356873 0.002171446038702644 0.0011967268328665955 0.0034004712605886804 0.0024534642046055667 0.002916703983515209 0.0019639384396109723 0.0030968064084245881 0.0025581329775388973 0.00579505592286672 0.0070533012116311819 0.004400160949621066 0.28489639129826227 0.19397885183838448 0.16281463914925692 0.21011773567279954 0.18979967212916293 0.095167329900327113 0.17624449210143772 0.15924032869992755 0.14457415037414295 0.12136408164153863 0.10896955381701365 0.096598485058995584 0.079197868169945132 0.069364975009636703 0.060675766181864849 0.053385308479295866 0.050203997439487745 0.023421072770109585 0.012115927971456435 0.008087652420484143 0.0055112809604345083 0.00446021281942103 0.0033586948784351122 0.0028080456860602597


