# Created by Octave 5.2.0, Sat Jun 06 08:54:19 2020 -03 <rsebastiao@ni-30285-8P>
# name: T
# type: matrix
# rows: 1
# columns: 53
 0.20000000000000001 0.40000000000000002 0.60000000000000009 0.80000000000000004 1 1.2 1.4000000000000001 1.6000000000000001 1.8 1.8 1.8200000000000001 1.8400000000000001 1.8600000000000001 1.8800000000000001 1.9000000000000001 1.9199999999999999 1.9399999999999999 1.96 1.98 2 2.02 2.04 2.0600000000000001 2.0800000000000001 2.1000000000000001 2.1200000000000001 2.1400000000000001 2.1600000000000001 2.1800000000000002 2.2000000000000002 2.2200000000000002 2.2400000000000002 2.2600000000000002 2.2800000000000002 2.2999999999999998 2.3200000000000003 2.3399999999999999 2.3600000000000003 2.3799999999999999 2.3999999999999999 2.4199999999999999 2.4399999999999999 2.46 2.48 2.5 2.5 2.7000000000000002 2.8999999999999999 3.1000000000000001 3.2999999999999998 3.5 3.7000000000000002 3.9000000000000004


# name: mag_med
# type: matrix
# rows: 1
# columns: 53
 -0.99532999999999994 -0.99750000000000005 0.99136000000000002 0.99383500000000002 0.83141500000000057 0.98834500000000225 0.98234500000000602 0.97477000000001135 -0.86111000000000637 0.95052500000001017 -0.94922500000000876 0.93031500000000589 0.92717500000000497 0.9381550000000054 -0.93478500000000375 -0.92454500000000162 -0.92043999999999926 -0.90676999999999841 -0.91072499999999834 -0.90501499999999713 -0.88972499999999821 -0.88457499999999745 0.87946999999999731 0.87329999999999819 -0.86444999999999783 -0.85332999999999826 -0.84684499999999874 0.78401999999999905 -0.80891499999999883 -0.056835000000000191 -0.78027500000000127 0.7492999999999983 -0.47150499999999834 -0.24054999999999938 -0.54098499999999949 0.45373499999999967 0.1379849999999998 -0.018199999999999952 -0.24634499999999973 -0.18015499999999998 0.082330000000000153 0.074285000000000032 -0.16431999999999969 0.080554999999999988 0.086320000000000022 0.052614999999999974 -0.0093850000000000027 0.0022150000000000017 0.00084499999999999181 0.0083800000000000072 0.008984999999999993 -0.0093050000000000008 0.00087000000000000066


# name: E_med
# type: matrix
# rows: 1
# columns: 53
 -1.9962500000000001 -1.99726 -1.9950000000000001 -1.9953700000000003 -1.9588400000000021 -1.9826600000000081 -1.962760000000018 -1.9237100000000211 -1.8250100000000014 -1.8548599999999986 -1.8470999999999966 -1.8274199999999967 -1.819199999999995 -1.8195399999999946 -1.8079699999999936 -1.7876099999999935 -1.778219999999995 -1.7612199999999942 -1.7516899999999964 -1.7391899999999991 -1.7159400000000005 -1.709410000000001 -1.6870499999999999 -1.6777399999999998 -1.6595400000000033 -1.6383800000000006 -1.6189800000000012 -1.5689399999999989 -1.5696999999999997 -1.5144999999999986 -1.5348999999999993 -1.4941899999999997 -1.4631200000000006 -1.4046600000000002 -1.4052499999999986 -1.3649600000000019 -1.3476900000000018 -1.2980200000000004 -1.2743900000000008 -1.2035299999999989 -1.222739999999999 -1.1826299999999994 -1.1441099999999997 -1.1416399999999991 -1.0995499999999998 -1.1221799999999988 -0.96045000000000025 -0.85515000000000052 -0.77742999999999951 -0.70733000000000079 -0.6667900000000001 -0.61033999999999911 -0.57428999999999997


# name: C_med
# type: matrix
# rows: 1
# columns: 53
 0.048589527027027589 0.011220548048047433 0.006791791791791635 0.0039243354291791958 0.0094797341341344502 0.0024774249249249385 0.0018577671549100262 0.0019333145254629483 0.0048931029486276997 0.0020884404157243994 0.0018085317535867218 0.002845338131136803 0.0026984320428649071 0.0021447965620668042 0.0022495013295844163 0.0023038956654136719 0.0021624429190589189 0.0025088373463008936 0.0022652087604388203 0.0026475084834834905 0.0029323795906483884 0.0029396832193593274 0.0029003924982575154 0.0026278341025937272 0.0029022647136932845 0.0030383212511193984 0.0026242854785958952 0.003462412257936942 0.0035422827085986757 0.0036974474474474497 0.0035942910689278759 0.003571561018129095 0.0040207929756054094 0.0047012394820181791 0.0046658638790018775 0.0038528046476916837 0.0049167737209047779 0.0044214854757083939 0.0035838797451501489 0.0034030626286008134 0.0033769669539767183 0.0030653441502507608 0.0025472640166109622 0.0025264778305881352 0.002454085685685687 0.0025601677837837826 0.0016185317690804693 0.0011708709303834149 0.00094836721216533888 0.00073031443748615736 0.00062720646360646371 0.00055655980304628722 0.00047166797961669917


# name: susc_med
# type: matrix
# rows: 1
# columns: 53
 0.013725931431432132 0.0035835835835835478 0.010854438438438673 0.0057934406594095742 0.19375387665165794 0.0052494043835502584 0.004171797493922361 0.0020632802177176861 0.048972565843621751 0.0025281667083750466 0.0015288499350999533 0.0080541007175652969 0.007795722806139437 0.0021189119837923044 0.0019232541883989233 0.0031944538157949094 0.0028434653209910682 0.0051758989091131979 0.0025726228122061414 0.0028256130005005239 0.0045755653549589522 0.005954211257826459 0.0030431009164504385 0.0039801387926387795 0.0037791589208255676 0.0035808030200011162 0.0028400227213194441 0.01675399455010574 0.0055825769691709905 0.26682942386704828 0.0097082214534353981 0.01024542846417846 0.1405377767036948 0.1723854984370336 0.073979677405666813 0.092118788950588781 0.16099033425519546 0.13968093517246055 0.104510294317427 0.073097743983566818 0.10078298178343655 0.073905427466400803 0.051751177030689266 0.061333315967176678 0.041814057097097186 0.062317552262262189 0.018167462564416269 0.011374622475924226 0.0075579001501501391 0.0050728230048230037 0.0044722707779207716 0.0031655282241701216 0.002816699545699543


