# Created by Octave 5.2.0, Sat Jun 06 16:28:05 2020 -03 <rsebastiao@ni-30285-8P>
# name: T
# type: matrix
# rows: 1
# columns: 53
 0.20000000000000001 0.40000000000000002 0.60000000000000009 0.80000000000000004 1 1.2 1.4000000000000001 1.6000000000000001 1.8 1.8 1.8200000000000001 1.8400000000000001 1.8600000000000001 1.8800000000000001 1.9000000000000001 1.9199999999999999 1.9399999999999999 1.96 1.98 2 2.02 2.04 2.0600000000000001 2.0800000000000001 2.1000000000000001 2.1200000000000001 2.1400000000000001 2.1600000000000001 2.1800000000000002 2.2000000000000002 2.2200000000000002 2.2400000000000002 2.2600000000000002 2.2800000000000002 2.2999999999999998 2.3200000000000003 2.3399999999999999 2.3600000000000003 2.3799999999999999 2.3999999999999999 2.4199999999999999 2.4399999999999999 2.46 2.48 2.5 2.5 2.7000000000000002 2.8999999999999999 3.1000000000000001 3.2999999999999998 3.5 3.7000000000000002 3.9000000000000004


# name: mag_med_20_1e4
# type: matrix
# rows: 1
# columns: 53
 0.99955699999999992 -0.99937500000000001 -0.9995845000000001 -0.98546900000000059 -0.9988255000000047 -0.99695150000000599 0.99062849999996616 -0.97897449999995301 -0.95700299999997984 -0.95472949999998369 -0.95008699999998936 0.94897149999998787 -0.94421799999999034 -0.93757349999998862 0.93785199999999513 0.93141499999999655 -0.92715700000000201 0.92204550000000396 0.91760349999999891 0.910173000000007 -0.90352800000000388 0.67598700000000722 0.88634200000000152 0.87670150000000724 -0.86568500000000459 -0.32582699999999848 0.16869400000000029 -0.59860450000000243 0.81559600000000188 -0.30475600000000086 -0.409720999999997 0.28409299999999899 -0.40054799999999985 -0.030352500000001295 0.043259500000000187 -0.19197199999999959 -0.10677099999999984 -0.041914499999999556 0.12816600000000042 -0.037189500000000035 -0.058963999999999711 0.049869999999999907 -0.018568499999999901 0.016409999999999987 -0.00853950000000008 -0.0029639999999999992 -0.011983500000000018 -0.0059125000000000115 -0.0040114999999999908 0.00023700000000000308 -0.00039799999999999737 0.0011689999999999953 -0.00013900000000000026


# name: E_med_20_1e4
# type: matrix
# rows: 1
# columns: 53
 -1.9996630000000002 -1.9995479999999999 -1.9996369999999994 -1.9956429999999927 -1.9967999999999553 -1.9885979999998658 -1.9672449999998054 -1.9276929999998846 -1.8595689999999976 -1.8578449999999935 -1.8490869999999875 -1.8396210000000073 -1.8290890000000057 -1.8171430000000095 -1.8091370000000087 -1.7966330000000115 -1.7842590000000125 -1.771964000000005 -1.7590320000000119 -1.7456440000000053 -1.7304499999999983 -1.7089110000000056 -1.6948459999999981 -1.6799059999999946 -1.6601209999999977 -1.6438809999999957 -1.6154439999999994 -1.5911789999999961 -1.5772550000000018 -1.5479130000000054 -1.5226980000000043 -1.4859340000000005 -1.4561290000000022 -1.4132590000000065 -1.4011120000000004 -1.3621179999999975 -1.3254559999999986 -1.3053779999999988 -1.2680849999999999 -1.2378499999999981 -1.206660999999994 -1.1845239999999988 -1.1577299999999988 -1.1457159999999968 -1.119084 -1.1207739999999966 -0.9640519999999988 -0.86091400000000373 -0.77872700000000072 -0.7162489999999968 -0.65943399999999686 -0.61486500000000188 -0.57651500000000555


# name: C_med_20_1e4
# type: matrix
# rows: 1
# columns: 53
 0.0039928100560051548 0.0016105091509147156 0.00053627093542669068 0.0016779905349900094 0.00029260926092617036 0.00026873131479814645 0.00051586790056552768 0.00074808564879925055 0.0011515856026960466 0.0012508306309026206 0.0013603209225040013 0.0013157052824256297 0.0014588405536703453 0.0015414589079436804 0.0014780993974744048 0.0015916992390970954 0.0016673765684039042 0.0017239548569601396 0.0018108440208371235 0.0019143727532753331 0.0019974641077479334 0.0021161487734221102 0.0021904387356446488 0.0023994705230507398 0.0025197928770201157 0.0026499952947857865 0.0031726691893575925 0.003193053350045205 0.0029448182961129355 0.00329474567931999 0.0034920424101495835 0.0038052568896876624 0.0038831013963248852 0.0042400456033214236 0.0041538980847044497 0.0041203908730647488 0.0042614262273620723 0.0039351746715894963 0.0037804152519974564 0.00352768219530289 0.0033052347443267979 0.0031246966110209939 0.002752731995388699 0.0027479834585956834 0.0024000481558555317 0.0025353992877689096 0.0015343538875149509 0.0011158695660291474 0.00090509669811938021 0.00072833913317868395 0.00061997217223761815 0.00052757370514262022 0.00046072488741314262


# name: susc_med_20_1e4
# type: matrix
# rows: 1
# columns: 53
 0.0011210808630871159 0.00095733167066682195 0.00038725515843266914 0.017079326731410376 0.00030861391114112436 6.6847641222458423e-05 0.00033306365475817067 0.00032213899499324754 0.00036203786545319343 0.0010289275203908225 0.0017482833069023657 0.00069534653886577568 0.0012065069281123118 0.0025771644173722282 0.00057090240392458614 0.0013175134049862724 0.00093870332961137036 0.0011734201122917669 0.0008978343732100446 0.0012614511806180811 0.0014083825293421301 0.16858869015872344 0.0018290683612049953 0.002418723794374634 0.0024813770781839436 0.2991687452098995 0.31734917153582876 0.14805068936512483 0.0046733250315858111 0.24808101513059383 0.20084473634705705 0.2175615339886679 0.16282371144017108 0.20542317751237898 0.19991141860262224 0.16038715130823361 0.14925675198246349 0.14449409652395476 0.11748326153791917 0.10961643813954383 0.09077010870673817 0.08202974112985148 0.069688685660334287 0.06968357799489637 0.056511262902189732 0.057107490630662797 0.021882695020520711 0.011776005132840883 0.0076895981106982203 0.0058849290477532984 0.0042287061837611864 0.0035343003054358643 0.0028519315211008108


