# Created by Octave 5.2.0, Thu Jun 04 21:11:38 2020 -03 <rsebastiao@ni-30285-8P>
# name: mag_med
# type: matrix
# rows: 1
# columns: 20
 0.99914000000000003 -0.99944000000000011 0.99932999999999994 0.96381000000000006 -0.99867000000000028 -0.99605000000000143 -0.99288000000000476 -0.9825700000000096 0.96404000000001688 -0.92205000000001713 -0.42668000000000067 -0.018799999999999904 -0.062760000000000066 0.034570000000000004 0.02395999999999994 -0.00062999999999999905 -0.012640000000000014 0.0039899999999999875 0.0032100000000000015 0.0051300000000000139


# name: E_med
# type: matrix
# rows: 1
# columns: 20
 -1.9984200000000001 -1.99898 -1.9988400000000002 -1.9758800000000001 -1.9973000000000007 -1.9904800000000045 -1.9746000000000143 -1.9405000000000252 -1.88066000000003 -1.7729600000000225 -1.6206400000000016 -1.3459599999999992 -1.1104199999999984 -0.92092000000000052 -0.83798000000000117 -0.74713999999999903 -0.68901999999999886 -0.64093999999999962 -0.59624000000000021 -0.55265999999999926


