# Created by Octave 5.2.0, Fri Jun 05 17:05:22 2020 -03 <rsebastiao@ni-30285-8P>
# name: mag_med
# type: matrix
# rows: 1
# columns: 20
 -0.99879999999999991 0.99748000000000003 -0.99875999999999998 0.99779999999999991 -0.90452000000000021 -0.99578000000000111 0.99300000000000277 -0.97764000000000639 0.95452000000000725 -0.91414000000000506 -0.8401800000000007 0.032399999999999887 -0.011939999999999916 -0.024919999999999991 0.0026200000000000017 0.03417999999999996 -0.022079999999999975 -0.0026000000000000029 -0.003360000000000004 -0.0064199999999999978


# name: E_med
# type: matrix
# rows: 1
# columns: 20
 -1.9982800000000001 -1.9965599999999999 -1.9981599999999999 -1.9972000000000001 -1.9482800000000007 -1.9905600000000014 -1.9766000000000037 -1.9385200000000062 -1.8712800000000018 -1.7688000000000028 -1.6013999999999975 -1.3661599999999998 -1.1096000000000001 -0.95291999999999988 -0.83179999999999865 -0.75603999999999782 -0.68599999999999794 -0.62819999999999898 -0.59047999999999878 -0.56203999999999998


