# Created by Octave 5.2.0, Thu Jun 04 21:00:51 2020 -03 <rsebastiao@ni-30285-8P>
# name: mag_med
# type: matrix
# rows: 1
# columns: 20
 1 1 1 1 0.99962000000000029 0.99822000000000122 0.99320000000000297 0.98434000000000554 0.96252000000000593 0.92916000000000443 0.84406000000000059 0.3638799999999997 -0.13769999999999991 0.099739999999999981 0.030960000000000005 0.0079799999999999871 0.010479999999999991 0.0017399999999999968 0.011299999999999996 -0.0006599999999999987


# name: E_med
# type: matrix
# rows: 1
# columns: 20
 -2 -2 -2 -2 -1.9984800000000005 -1.9933600000000014 -1.9741200000000048 -1.9431600000000069 -1.8778400000000031 -1.7848000000000006 -1.6155999999999988 -1.3965200000000009 -1.1257600000000012 -0.93183999999999889 -0.85179999999999867 -0.76055999999999646 -0.70227999999999824 -0.63907999999999898 -0.60224000000000011 -0.55924000000000074


