# Created by Octave 5.2.0, Sat Jun 06 00:51:42 2020 -03 <rsebastiao@ni-30285-8P>
# name: T
# type: matrix
# rows: 1
# columns: 20
 0.10000000000000001 0.30526315789473685 0.51052631578947372 0.71578947368421053 0.92105263157894735 1.1263157894736844 1.3315789473684212 1.536842105263158 1.7421052631578948 1.9473684210526316 2.1526315789473687 2.3578947368421055 2.5631578947368423 2.7684210526315791 2.9736842105263159 3.1789473684210527 3.3842105263157896 3.5894736842105264 3.7947368421052632 4


# name: mag_med
# type: matrix
# rows: 1
# columns: 20
 -0.99890000000000001 -0.99746000000000001 0.99950000000000006 0.99857999999999991 0.9959800000000002 -0.99660000000000104 -0.99334000000000244 0.98046000000000655 0.95360000000000655 -0.90302000000000382 -0.48182000000000047 0.052480000000000034 -0.050040000000000071 -0.038319999999999993 0.011279999999999984 0.026659999999999996 0.01014 0.020880000000000003 -0.0030400000000000054 0.0032799999999999861


# name: E_med
# type: matrix
# rows: 1
# columns: 20
 -1.9980799999999999 -1.9971199999999998 -1.9990399999999999 -1.9978800000000001 -1.9953200000000002 -1.9907600000000019 -1.9770000000000056 -1.9405200000000074 -1.8765600000000018 -1.7536400000000008 -1.6213999999999973 -1.2886399999999993 -1.1017599999999996 -0.97751999999999928 -0.83415999999999779 -0.75395999999999874 -0.68695999999999879 -0.63399999999999923 -0.59572000000000036 -0.56216000000000022


# name: C_med
# type: matrix
# rows: 1
# columns: 20
 0.18125261261260506 0.021394930054905639 0.0020734530087531799 0.0026451620392017225 0.0030873506440316535 0.0019690567639873893 0.0017201769564718786 0.0034026088219951942 0.0058453744682149932 0.009546367473682562 0.011455233570620256 0.014166766562480806 0.010123356775308021 0.0075335097800745821 0.0048374589260417201 0.0035434363528916422 0.0028594646039076599 0.0020944980721728599 0.0019185316224714002 0.0018005089089089207


# name: susc_med
# type: matrix
# rows: 1
# columns: 20
 0.0064783783783781161 0.0053185978392185701 0.00033283283283284699 0.00093414652888178262 0.0033328272501072162 0.00092610180273724444 0.00048415386137124199 0.0021615169827361555 0.0069428268147301931 0.010402724681438246 0.23666108809053535 0.18088116559416495 0.1096904536898298 0.071778926729010456 0.039610174252128302 0.027388660905938968 0.021347201440943282 0.015006180467857896 0.012722420195507624 0.012090000400400421


