# Created by Octave 5.2.0, Fri Jun 05 17:26:58 2020 -03 <rsebastiao@ni-30285-8P>
# name: mag_med
# type: matrix
# rows: 1
# columns: 20
 -0.99980400000000014 0.27072400000000069 -0.99948400000000004 0.99959599999999993 -0.99921199999999877 -0.99721999999999567 -0.99369199999999003 -0.98323599999998568 0.96362799999999404 0.92394800000001365 -0.085691999999999297 0.0026720000000000008 0.022272000000000028 -0.017863999999999977 0.015816000000000021 -0.023644000000000061 0.0017120000000000065 0.0018519999999999938 0.0059119999999999884 0.005840000000000004


# name: E_med
# type: matrix
# rows: 1
# columns: 20
 -1.9996400000000001 -1.559720000000165 -1.9994239999999999 -1.9993760000000003 -1.9979600000000013 -1.9913440000000049 -1.9767680000000134 -1.9410960000000312 -1.8802880000000499 -1.7792080000000703 -1.5995760000000443 -1.3581439999999794 -1.1256079999999886 -0.94428000000001067 -0.83944000000001107 -0.7584000000000044 -0.69265600000000016 -0.6410079999999988 -0.59627199999999725 -0.56029600000000002


