# Created by Octave 5.2.0, Fri Jun 05 13:56:12 2020 -03 <rsebastiao@ni-30285-8P>
# name: mag_med
# type: matrix
# rows: 1
# columns: 20
 -0.99938699999999991 -0.99939700000000009 0.047821999999999858 -0.29803900000000005 -0.96641599999999472 0.98688599999997439 0.99347099999994393 0.98366099999994894 0.96399299999998223 -0.92295700000000125 -0.8258880000000014 -0.29853099999999988 -0.040870000000000122 0.027016000000000064 -0.0086629999999999728 -0.0016360000000000027 0.0025440000000000024 0.0026909999999999942 -0.0022460000000000019 -0.0011929999999999987


# name: E_med
# type: matrix
# rows: 1
# columns: 20
 -1.9993260000000002 -1.9993700000000001 -1.6596179999998997 -1.7475879999999968 -1.9864499999999858 -1.9875079999999405 -1.9765779999998951 -1.9426199999999338 -1.881963999999988 -1.7795540000000092 -1.602110000000001 -1.3071779999999991 -1.0710080000000053 -0.92349599999999843 -0.82910599999999846 -0.752659999999999 -0.68905199999999922 -0.63717800000000002 -0.59478599999999915 -0.55763399999999874


