# Created by Octave 5.2.0, Fri Jun 05 12:28:23 2020 -03 <rsebastiao@ni-30285-8P>
# name: mag_med
# type: matrix
# rows: 1
# columns: 20
 0.99838499999999997 0.99694000000000005 0.99655999999999989 -0.995475 -0.99467000000000017 -0.90831500000000143 -0.98943500000000439 0.97928500000000951 -0.95605500000001187 0.92001499999999958 0.82316999999999918 -0.32878499999999938 0.039865000000000018 -0.0061400000000000092 0.018739999999999975 0.0042099999999999967 -0.011839999999999977 0.0054000000000000029 -0.0050599999999999994 0.00029499999999999964


# name: E_med
# type: matrix
# rows: 1
# columns: 20
 -1.9973699999999999 -1.9968800000000002 -1.99631 -1.9958500000000001 -1.9944400000000009 -1.9500400000000049 -1.972270000000014 -1.9401200000000234 -1.874600000000006 -1.7741499999999979 -1.597 -1.3107600000000015 -1.0604899999999986 -0.92414000000000052 -0.82216999999999951 -0.75571999999999995 -0.69273999999999969 -0.63590000000000002 -0.58990000000000031 -0.55138999999999994


