# Created by Octave 5.2.0, Sat Jun 06 23:10:57 2020 -03 <rsebastiao@ni-30285-8P>
# name: T
# type: matrix
# rows: 1
# columns: 35
 0.10000000000000001 0.21470588235294119 0.32941176470588235 0.44411764705882351 0.55882352941176472 0.67352941176470582 0.78823529411764703 0.90294117647058814 1.0176470588235293 1.1323529411764706 1.2470588235294118 1.361764705882353 1.4764705882352942 1.5911764705882354 1.7058823529411764 1.8205882352941176 1.9352941176470588 2.0499999999999998 2.164705882352941 2.2794117647058822 2.3941176470588235 2.5088235294117647 2.6235294117647059 2.7382352941176471 2.8529411764705883 2.9676470588235295 3.0823529411764707 3.1970588235294115 3.3117647058823527 3.4264705882352939 3.5411764705882351 3.6558823529411764 3.7705882352941176 3.8852941176470588 4


# name: mag_med_10_1e4
# type: matrix
# rows: 1
# columns: 35
 -0.99981600000000004 0.99990599999999996 -0.99976399999999999 -0.99991399999999997 -0.95326599999999995 0.99980799999999981 0.99967399999999906 -0.999551999999996 0.99808799999999065 0.99652799999997932 0.99600399999996336 0.9923979999999416 -0.98707999999991958 -0.98017399999990373 -0.96744199999990488 -0.95498199999990807 -0.92779399999992096 0.15277600000000188 -0.087038000000000199 0.026614000000000158 0.068025999999999892 -0.0096480000000000662 0.010393999999999891 0.017674000000000065 -0.010930000000000026 -0.0046959999999999944 0.0016240000000000772 -0.0053299999999999806 0.0050320000000000156 0.0036479999999999924 0.002097999999999987 0.0036420000000000072 0.0010979999999999968 -0.0028519999999999969 -0.0027579999999999974


# name: E_med_10_1e4
# type: matrix
# rows: 1
# columns: 35
 -1.999768 -1.9998040000000001 -1.9996599999999998 -1.9998320000000001 -1.9759879999999996 -1.999684 -1.9993799999999988 -1.9985519999999952 -1.9959279999999897 -1.9912159999999819 -1.9850399999999615 -1.9722559999999514 -1.9549279999999334 -1.9301719999999327 -1.890723999999935 -1.8526719999999506 -1.7859839999999654 -1.7071959999999891 -1.6024120000000022 -1.4560160000000126 -1.3015360000000085 -1.1725279999999991 -1.0566919999999946 -0.96944800000000686 -0.89240000000003128 -0.83997600000005734 -0.7850360000000709 -0.75207600000007047 -0.71491600000006761 -0.68207200000006252 -0.64935600000005078 -0.62555200000004296 -0.59438400000002911 -0.57573200000002256 -0.55910800000001459


# name: C_med_10_1e4
# type: matrix
# rows: 1
# columns: 35
 0.015324150014993869 0.0041402689922572077 0.0031236909277643542 0.00064400814475566259 0.035443826868933055 0.00052712078184020213 0.000388015346421872 0.00025571376984697536 0.00068486476374588824 0.0010015805248350354 0.00092411461153229732 0.0014382078768704993 0.0020310035984850644 0.0025713057879554286 0.0036083027483913865 0.0045332251445153859 0.0064614644075579415 0.0081204878569956316 0.010222643566329726 0.01274915072977616 0.012766531815274478 0.01108105775094081 0.0089067470122030194 0.0070586108386009741 0.0054813125738120833 0.0046145010455927327 0.0038910436792237665 0.0034433668244884018 0.0030393634660850193 0.0026769211253529555 0.0023855009371799118 0.0022006756131250581 0.0019988964994265917 0.0018094198141600396 0.0017215124222421372


# name: susc_med_10_1e4
# type: matrix
# rows: 1
# columns: 35
 0.00098215965596563167 0.00021553108406725135 0.00053101259554537254 7.447556252309273e-05 0.080128428121551257 0.0001715956147580932 0.00023428561572575118 7.1727565720710037e-05 0.00091909840417643432 0.0011276986749058626 0.00014502128175084315 0.00024806295454597737 0.00061723189051978854 0.00042991971315432288 0.00079765917322773385 0.0011594223878607921 0.0030460088740789813 0.38281434671464559 0.33106876044811545 0.2605058393598782 0.18680827484487669 0.137164836146736 0.095389786534439303 0.06930750186313947 0.050008476655912827 0.040515482052229858 0.030829612056778123 0.026548888719599796 0.023018538134310786 0.019056536479948226 0.016660954014537658 0.014873906847032622 0.012900124719679405 0.011641864922782779 0.010926160975097103


