# Created by Octave 5.2.0, Sat Jun 06 22:17:02 2020 -03 <rsebastiao@ni-30285-8P>
# name: T
# type: matrix
# rows: 1
# columns: 35
 0.10000000000000001 0.21470588235294119 0.32941176470588235 0.44411764705882351 0.55882352941176472 0.67352941176470582 0.78823529411764703 0.90294117647058814 1.0176470588235293 1.1323529411764706 1.2470588235294118 1.361764705882353 1.4764705882352942 1.5911764705882354 1.7058823529411764 1.8205882352941176 1.9352941176470588 2.0499999999999998 2.164705882352941 2.2794117647058822 2.3941176470588235 2.5088235294117647 2.6235294117647059 2.7382352941176471 2.8529411764705883 2.9676470588235295 3.0823529411764707 3.1970588235294115 3.3117647058823527 3.4264705882352939 3.5411764705882351 3.6558823529411764 3.7705882352941176 3.8852941176470588 4


# name: mag_med_10_5e3
# type: matrix
# rows: 1
# columns: 35
 0.99981199999999992 0.99952399999999997 0.51979999999998494 0.99986000000000008 -0.99978400000000001 -0.99974799999999975 0.97534399999999988 0.9960759999999993 0.9989439999999975 -0.99811999999999501 -0.99389599999999156 0.99218799999998974 0.98751199999998351 0.98067999999998523 0.96353999999999163 -0.95138800000000356 -0.52353200000001621 -0.89469600000002336 0.28252800000000028 -0.047779999999999857 0.048303999999999812 -0.0015400000000000149 0.028672000000000072 -0.012336000000000081 0.014147999999999999 0.014888000000000028 -0.0010359999999999708 0.012032000000000034 -0.00056800000000001305 -0.0061760000000000113 0.0069199999999999687 0.0014599999999999756 -0.0011479999999999986 -0.003167999999999995 -0.00081200000000000152


# name: E_med_10_5e3
# type: matrix
# rows: 1
# columns: 35
 -1.9996559999999999 -1.9994400000000001 -1.559728000000165 -1.999752 -1.999584 -1.9995040000000002 -1.9876000000000003 -1.9967680000000012 -1.9963600000000024 -1.9929280000000043 -1.9835440000000093 -1.9740720000000136 -1.9551600000000218 -1.9322640000000348 -1.8939680000000463 -1.8476800000000599 -1.77979200000007 -1.7082480000000697 -1.6033840000000472 -1.4579600000000017 -1.3248079999999833 -1.1666639999999877 -1.0539519999999962 -0.96913600000000644 -0.89869600000001304 -0.84465600000000773 -0.79544800000000515 -0.75143200000000521 -0.71170399999999967 -0.67924000000000007 -0.65236799999999751 -0.62959199999999804 -0.59430399999999817 -0.576152 -0.55656799999999829


# name: C_med_10_5e3
# type: matrix
# rows: 1
# columns: 35
 0.026777521904391862 0.0091718797578284605 0.0012499355299632842 0.00082564726346437954 0.0014158770459472144 0.0007021787750391916 0.0095442523568200575 0.0014059358969964906 0.00049127987113006723 0.00060050451601270855 0.001405413733369894 0.0014961006425803476 0.0020346109532378034 0.0026232447214546164 0.0045123316316818159 0.0048582761997004549 0.0070359281312050775 0.0078542229554774707 0.010521049603067755 0.012718553025968292 0.012323831817359097 0.01122590531119062 0.0086189062251631615 0.0069568305252992509 0.0057183591462796265 0.0048365872419519496 0.0040855249441822412 0.003302339184751197 0.0029474575243333702 0.0027257574909702736 0.0024369914806086708 0.0021559185014239325 0.0020375511999642755 0.0018335099477800928 0.0017030644488898001


# name: susc_med_10_5e3
# type: matrix
# rows: 1
# columns: 35
 0.00083901436287261912 0.0014445596538484008 0.00065329494470317399 0.0001172455418236233 0.0002390380021266559 0.0001497138232885972 0.030961316762458807 0.0039853337317626641 0.00013194330704289058 8.1815594287675916e-05 0.00171511472709666 0.00086235714322148644 0.00041440190635736167 0.00054864574393622106 0.0048590960536925645 0.0019239792627991524 0.30315325085053046 0.0044622522475226351 0.29667984892283361 0.25984392071188261 0.19873501336453656 0.13414755360919808 0.095450410689133069 0.071291223932606521 0.054191918376087167 0.041951743108820549 0.033365074426488395 0.026167439312922612 0.022031574261424158 0.019307624776594715 0.016758538604730849 0.014741110777264286 0.012944156313821441 0.01186677341815056 0.010942363636727348


