# Created by Octave 5.2.0, Sat Jun 06 21:51:25 2020 -03 <rsebastiao@ni-30285-8P>
# name: T
# type: matrix
# rows: 1
# columns: 35
 0.10000000000000001 0.21470588235294119 0.32941176470588235 0.44411764705882351 0.55882352941176472 0.67352941176470582 0.78823529411764703 0.90294117647058814 1.0176470588235293 1.1323529411764706 1.2470588235294118 1.361764705882353 1.4764705882352942 1.5911764705882354 1.7058823529411764 1.8205882352941176 1.9352941176470588 2.0499999999999998 2.164705882352941 2.2794117647058822 2.3941176470588235 2.5088235294117647 2.6235294117647059 2.7382352941176471 2.8529411764705883 2.9676470588235295 3.0823529411764707 3.1970588235294115 3.3117647058823527 3.4264705882352939 3.5411764705882351 3.6558823529411764 3.7705882352941176 3.8852941176470588 4


# name: mag_med_10_1e3
# type: matrix
# rows: 1
# columns: 35
 -0.99748000000000003 0.99787999999999999 0.99746000000000001 0.14209999999999881 -0.99912000000000001 0.88870000000000005 -0.99830000000000008 -0.99840000000000007 -0.99814000000000058 0.99340000000000095 -0.96832000000000207 -0.99170000000000347 -0.9854400000000052 0.97790000000000632 0.96868000000000687 -0.95290000000000707 -0.93580000000000463 0.90472000000000186 -0.52499999999999958 0.13743999999999984 0.086079999999999809 -0.068520000000000039 0.021780000000000011 0.0072399999999999106 -0.0047000000000000271 0.036240000000000022 -0.029420000000000023 0.0096199999999999914 0.0071399999999999866 -0.015980000000000018 0.01294 0.0038799999999999937 -0.014919999999999998 -0.014840000000000015 -0.00066000000000000477


# name: E_med_10_1e3
# type: matrix
# rows: 1
# columns: 35
 -1.9971199999999998 -1.9978 -1.9974000000000001 -1.5981999999999774 -1.99848 -1.9318400000000004 -1.9971600000000003 -1.9965600000000003 -1.9944400000000013 -1.9873200000000015 -1.9665200000000029 -1.9715200000000059 -1.9493200000000064 -1.9291200000000048 -1.8935600000000061 -1.8499599999999989 -1.8013200000000016 -1.7249999999999999 -1.6069999999999989 -1.446559999999999 -1.3276400000000017 -1.1570400000000014 -1.0754400000000002 -0.96971999999999925 -0.90567999999999893 -0.83911999999999753 -0.78759999999999875 -0.75899999999999768 -0.70163999999999815 -0.68115999999999832 -0.64447999999999861 -0.62751999999999941 -0.60531999999999997 -0.58807999999999994 -0.55407999999999946


# name: C_med_10_1e3
# type: matrix
# rows: 1
# columns: 35
 0.22819875875877493 0.029739090939313855 0.01604042690649829 0.0017131264855486936 0.0030595414738838022 0.060867897218553207 0.0031499189186961025 0.003203200185192876 0.0018182303042125415 0.0038203303290473031 0.0072074443934854139 0.0019044517312352147 0.0028004308913602582 0.0033261336933231005 0.0042324042587176943 0.0050142133098776487 0.0055376732285172198 0.0073185380502453629 0.012222463927774624 0.014522809537262584 0.01334095874430294 0.011176390178132906 0.0088081148823621197 0.0068375100217752767 0.0058012741049690278 0.004440859650847246 0.0039776476552305399 0.0035698686459496834 0.0029509764002113702 0.0028328048202487734 0.0022434623380679264 0.0022016182411184601 0.0019816843735706801 0.0018477153208154738 0.0018358454454454577


# name: susc_med_10_1e3
# type: matrix
# rows: 1
# columns: 35
 0.016913409409410173 0.006804501816885117 0.0052495929500929886 0.19418420141996121 0.00060477690321903397 0.11621494595031347 0.0011082776806657126 0.00095233213669694105 0.00042035022305540618 0.003360299520299473 0.018835893402836298 0.00046126774722888387 0.00081627878077279606 0.0015083116388106754 0.00091062024783404051 0.0015203646295730332 0.0020192630320289709 0.003462253277667934 0.20745806132219158 0.24819139110207 0.19805425994052989 0.12879923213248418 0.10112092669350974 0.072073914963298472 0.057977120832172505 0.037195341244118121 0.030261083243548936 0.028306752846682885 0.020185090006525182 0.020154995737368279 0.015183067765439828 0.015529635431086783 0.013518412190661779 0.012062366148131498 0.010888279379379379


